# NEST version: master@7c40d9e9a
# RecordingBackendASCII version: 2
sender	time_ms
5613	500.300
5539	500.400
5776	500.400
5822	500.500
5829	501.100
5577	501.500
5397	501.600
5689	501.600
5448	501.800
5491	502.000
5466	502.200
5555	502.300
5734	502.400
5398	502.700
5441	503.100
5665	503.100
5648	503.200
5700	503.200
5608	503.400
5785	503.600
5808	503.600
5750	503.800
5553	503.900
5434	504.000
5745	504.400
5802	504.400
5867	504.400
5496	504.600
5592	504.600
5552	505.000
5723	505.200
5770	505.300
5501	505.700
5617	505.700
5536	506.000
5861	506.200
5603	506.400
5521	507.300
5759	507.500
5533	507.800
5724	508.300
5761	509.200
5656	510.400
5782	510.500
5598	511.700
5733	512.400
5560	512.600
5402	513.000
5614	513.200
5748	513.400
5597	514.600
5644	514.900
5713	515.100
5543	515.900
5795	516.100
5551	516.200
5432	516.300
5667	517.000
5705	517.000
5786	517.000
5454	517.100
5459	517.400
5712	518.000
5738	518.100
5634	518.400
5729	519.700
5800	521.800
5821	523.400
5856	524.700
5503	524.900
5816	525.000
5624	525.100
5457	525.400
5499	525.500
5696	525.900
5872	526.000
5808	526.200
5524	526.300
5452	526.400
5557	526.400
5466	526.700
5720	526.700
5732	526.800
5475	526.900
5555	527.200
5394	527.300
5650	527.500
5537	527.600
5753	528.000
5846	528.200
5570	528.300
5723	528.500
5789	528.700
5773	529.000
5804	529.000
5652	529.100
5451	529.200
5504	529.200
5563	529.200
5739	529.300
5416	529.400
5692	529.500
5777	529.500
5742	529.600
5858	529.600
5526	529.700
5500	529.800
5649	529.800
5785	530.400
5411	530.600
5468	530.600
5780	530.700
5866	530.700
5420	530.800
5842	530.800
5627	530.900
5737	530.900
5741	530.900
5486	531.200
5508	531.400
5678	531.400
5716	531.900
5635	532.600
5722	533.700
5778	534.100
5810	534.700
5516	535.100
5553	535.100
5711	535.300
5751	536.000
5496	536.400
5814	537.000
5812	537.300
5841	537.900
5556	539.800
5567	540.300
5638	541.500
5592	541.700
5748	541.700
5749	541.700
5860	541.700
5645	541.900
5833	541.900
5558	542.000
5654	542.300
5580	542.400
5836	542.500
5501	543.200
5761	543.500
5483	543.800
5623	543.900
5417	544.200
5859	544.500
5793	544.600
5694	544.800
5872	544.800
5528	544.900
5603	545.000
5704	546.700
5494	547.100
5780	547.100
5506	547.500
5422	548.500
5690	549.800
5593	550.400
5543	550.500
5813	550.900
5725	551.000
5627	551.200
5685	551.700
5568	552.200
5611	553.100
5406	553.700
5727	554.100
5875	554.100
5509	554.200
5626	554.500
5713	555.700
5677	555.800
5669	555.900
5760	556.500
5397	556.900
5524	557.000
5401	557.500
5874	558.300
5790	558.600
5682	558.700
5825	558.700
5826	558.700
5565	558.800
5541	558.900
5563	558.900
5544	559.200
5456	559.300
5856	559.400
5548	559.700
5814	559.700
5802	559.800
5403	559.900
5409	559.900
5445	559.900
5574	559.900
5637	559.900
5823	560.000
5732	560.200
5846	560.300
5531	560.400
5438	560.500
5797	560.700
5853	560.700
5665	560.800
5617	561.000
5723	561.000
5557	561.100
5712	561.300
5700	561.400
5794	561.400
5876	561.500
5547	561.600
5707	561.600
5761	562.100
5624	562.400
5776	562.400
5831	562.400
5634	563.000
5429	563.700
5496	563.800
5803	564.300
5666	564.400
5844	565.500
5600	571.500
5522	572.900
5872	573.600
5804	574.100
5511	574.300
5860	574.300
5412	574.500
5705	575.200
5417	575.400
5448	575.800
5546	577.900
5710	578.000
5622	578.400
5641	578.700
5695	578.700
5443	578.900
5778	578.900
5690	579.100
5457	580.000
5519	581.000
5555	581.800
5470	582.000
5401	582.100
5421	583.000
5504	583.300
5475	584.000
5769	584.300
5580	584.600
5805	584.800
5832	585.400
5442	585.600
5714	586.400
5535	586.700
5656	586.800
5605	587.300
5758	587.300
5517	588.200
5649	588.200
5767	588.500
5754	588.800
5536	589.300
5635	589.800
5697	590.000
5836	590.200
5871	590.200
5441	590.400
5551	590.700
5680	592.000
5770	592.600
5465	593.000
5797	593.200
5713	593.400
5492	593.600
5631	593.600
5664	593.600
5481	594.000
5445	594.300
5493	594.400
5574	595.200
5799	596.100
5820	597.000
5474	597.500
5513	597.500
5417	598.400
5627	599.400
5780	599.800
5831	599.900
5711	600.000
5615	600.300
5532	600.400
5564	600.500
5800	601.200
5671	601.700
5660	601.800
5496	602.100
5870	602.400
5541	602.500
5775	602.600
5781	602.600
5756	602.800
5452	602.900
5626	603.200
5690	603.200
5547	603.400
5783	603.500
5508	603.600
5645	603.600
5705	603.700
5520	603.800
5693	603.800
5822	604.000
5642	604.100
5749	604.100
5773	604.100
5560	604.200
5714	604.200
5473	604.300
5788	604.400
5509	604.900
5573	604.900
5779	604.900
5720	605.200
5505	605.300
5746	605.300
5464	605.400
5858	605.900
5695	606.000
5641	607.200
5681	607.300
5815	607.700
5401	609.200
5539	611.300
5761	612.000
5480	612.500
5607	613.700
5807	614.400
5830	614.600
5555	614.800
5739	615.600
5461	615.900
5590	616.500
5540	617.300
5757	617.800
5859	618.200
5427	618.600
5636	618.900
5463	619.100
5841	619.100
5797	619.600
5523	619.700
5728	619.800
5584	619.900
5531	620.000
5421	620.300
5626	620.400
5677	620.500
5460	620.800
5479	621.000
5558	621.100
5652	621.100
5440	621.300
5556	621.600
5826	622.200
5491	622.400
5849	622.400
5456	622.500
5751	622.700
5808	622.900
5425	623.600
5691	623.800
5802	625.100
5696	625.200
5864	625.400
5742	625.900
5617	627.000
5823	627.100
5777	627.400
5596	627.800
5801	629.000
5629	630.600
5829	631.300
5428	631.800
5546	632.500
5831	633.000
5511	633.100
5530	633.400
5535	633.700
5789	635.100
5442	635.200
5590	635.300
5701	636.300
5728	636.400
5647	636.700
5467	637.000
5759	637.000
5786	637.200
5718	637.300
5846	638.000
5550	638.100
5509	638.200
5483	638.300
5402	638.400
5714	638.400
5753	638.400
5811	638.400
5719	639.400
5732	639.400
5408	639.500
5874	639.500
5470	640.100
5735	640.100
5698	640.200
5459	640.400
5729	640.800
5592	640.900
5438	642.200
5808	642.200
5712	642.400
5738	642.400
5394	642.700
5633	642.700
5493	642.800
5420	642.900
5793	642.900
5782	643.300
5629	643.400
5513	643.900
5595	644.600
5464	644.700
5748	645.200
5496	645.300
5560	646.800
5727	648.000
5676	648.900
5424	649.100
5848	649.200
5872	649.200
5652	649.400
5543	649.700
5411	650.300
5780	650.500
5615	650.800
5665	650.900
5495	651.200
5658	651.500
5461	652.400
5681	653.300
5639	654.000
5732	654.100
5747	656.400
5713	656.900
5638	657.100
5580	657.200
5449	658.400
5454	658.400
5516	658.800
5541	658.800
5793	659.400
5746	659.700
5527	659.800
5624	660.100
5738	660.100
5403	660.200
5486	660.200
5813	660.300
5456	660.900
5453	661.000
5623	661.200
5815	661.200
5524	661.500
5814	661.500
5770	661.700
5686	661.800
5414	661.900
5741	661.900
5550	662.000
5677	662.000
5734	662.000
5725	662.100
5816	662.300
5705	662.400
5447	663.200
5776	663.400
5496	663.800
5537	664.600
5492	666.300
5466	667.000
5761	667.000
5441	667.500
5728	667.800
5696	668.000
5834	668.200
5435	668.800
5460	668.900
5523	668.900
5592	669.600
5412	669.800
5694	670.400
5630	671.000
5765	671.000
5643	671.100
5822	671.100
5861	671.100
5531	671.200
5475	671.800
5535	672.300
5541	673.300
5660	673.600
5627	673.800
5437	674.000
5409	677.200
5560	677.900
5539	678.000
5742	678.400
5598	678.600
5652	679.800
5635	679.900
5808	680.700
5647	680.900
5844	682.100
5664	682.200
5612	682.500
5718	682.700
5424	682.800
5496	683.000
5547	683.100
5863	683.100
5530	683.400
5769	684.000
5777	684.100
5543	685.100
5649	685.200
5584	685.800
5492	686.000
5755	686.400
5411	687.000
5705	687.000
5700	687.100
5554	688.200
5582	688.200
5745	688.700
5876	690.400
5435	690.600
5651	690.600
5760	691.400
5487	691.700
5686	692.700
5804	692.800
5790	693.100
5392	693.500
5688	693.800
5681	694.100
5867	694.200
5527	694.800
5558	694.900
5629	694.900
5476	695.000
5677	695.200
5557	695.300
5618	695.300
5726	695.300
5808	695.400
5563	695.500
5434	695.800
5412	695.900
5513	695.900
5587	696.100
5667	696.500
5571	696.600
5436	696.800
5440	696.800
5423	696.900
5503	696.900
5602	697.200
5746	697.200
5781	697.200
5861	697.200
5814	697.300
5477	697.400
5485	697.400
5552	697.400
5780	697.400
5732	697.600
5500	697.700
5657	697.800
5641	698.000
5714	698.000
5462	698.100
5507	698.100
5401	698.200
5454	698.200
5448	698.400
5592	698.500
5459	699.000
5816	699.100
5836	699.900
5486	700.400
5564	700.400
5712	700.600
5826	700.600
5843	700.600
5844	702.100
5424	704.000
5669	704.700
5694	704.900
5466	705.200
5737	705.500
5749	705.700
5572	706.100
5554	706.800
5854	707.000
5631	707.500
5765	707.500
5805	707.500
5813	707.600
5543	707.800
5616	707.900
5721	708.200
5504	708.800
5795	708.800
5807	710.500
5636	711.500
5753	716.000
5859	718.400
5790	719.200
5417	719.300
5421	720.100
5678	720.600
5832	720.600
5603	721.100
5722	721.800
5806	721.900
5822	722.100
5786	722.400
5535	722.600
5834	723.200
5780	723.600
5710	724.200
5735	724.200
5833	724.400
5400	724.800
5829	724.800
5440	725.300
5493	725.400
5509	725.600
5714	725.700
5584	726.500
5712	726.500
5475	726.600
5674	726.700
5709	726.700
5643	726.900
5500	727.100
5848	727.100
5727	727.300
5665	727.400
5550	727.700
5585	728.000
5649	728.400
5667	728.500
5670	728.500
5423	728.900
5629	729.200
5729	729.400
5497	729.500
5489	729.900
5570	730.900
5702	730.900
5707	730.900
5598	731.000
5867	731.100
5491	731.300
5600	731.400
5519	731.700
5788	732.000
5607	732.900
5741	732.900
5876	733.000
5873	733.300
5581	733.900
5551	734.100
5850	734.200
5546	734.300
5812	734.500
5462	734.900
5743	735.500
5801	735.600
5738	735.800
5808	736.300
5442	736.400
5872	736.400
5532	736.700
5691	736.800
5672	737.300
5720	737.600
5450	738.000
5401	738.400
5583	738.500
5612	738.500
5616	738.600
5800	739.400
5526	739.500
5713	739.500
5737	739.800
5408	739.900
5807	740.300
5508	740.400
5518	740.400
5555	740.900
5756	741.000
5846	741.400
5590	742.000
5736	742.000
5464	742.100
5725	743.000
5799	743.900
5580	744.600
5844	745.200
5452	745.500
5839	745.500
5461	745.600
5678	745.700
5803	745.800
5746	745.900
5573	746.300
5871	746.300
5431	746.500
5782	746.500
5816	746.700
5588	746.800
5476	747.200
5466	747.300
5575	747.500
5826	747.500
5657	747.900
5473	748.000
5516	748.200
5435	748.400
5425	748.600
5638	748.900
5776	749.000
5445	749.300
5821	749.800
5730	750.100
5628	750.300
5718	750.400
5696	751.000
5563	751.300
5785	751.300
5729	751.500
5398	752.200
5777	752.800
5421	754.700
5483	754.700
5820	755.100
5422	755.900
5669	756.100
5704	756.200
5868	756.900
5853	757.300
5465	758.000
5759	758.300
5492	759.800
5876	760.000
5690	760.400
5789	760.600
5394	761.900
5654	762.500
5505	762.800
5652	762.900
5499	763.200
5823	763.200
5804	763.400
5551	763.600
5723	763.700
5794	764.000
5809	764.000
5524	764.400
5844	764.600
5649	764.700
5409	764.800
5449	764.800
5822	764.900
5526	765.100
5458	765.200
5403	765.400
5712	765.400
5521	765.500
5539	765.600
5525	766.000
5746	766.100
5761	766.100
5795	766.200
5637	766.500
5758	766.600
5429	766.800
5870	766.800
5482	766.900
5614	767.100
5688	767.100
5786	767.100
5842	767.300
5757	767.400
5624	767.700
5852	767.800
5432	767.900
5543	767.900
5713	767.900
5496	768.000
5469	768.100
5710	768.200
5747	768.200
5740	768.300
5831	768.300
5702	768.600
5743	768.600
5612	768.700
5509	768.800
5598	768.800
5793	768.800
5738	769.000
5535	769.200
5716	769.300
5643	769.700
5436	769.900
5517	769.900
5722	770.200
5592	770.300
5838	770.400
5707	770.700
5519	770.900
5498	771.000
5600	771.300
5506	771.700
5813	772.000
5440	773.000
5867	773.200
5574	775.000
5859	775.700
5741	775.800
5675	779.300
5782	779.400
5411	780.800
5860	781.600
5583	781.700
5634	782.100
5830	783.300
5814	783.600
5707	783.700
5785	784.200
5742	784.400
5511	784.500
5767	784.500
5841	784.600
5874	784.600
5538	784.700
5486	784.900
5727	784.900
5541	785.100
5797	785.100
5817	785.300
5530	785.500
5753	785.500
5804	785.600
5509	786.100
5872	786.100
5786	786.200
5848	786.200
5463	786.300
5516	786.300
5617	786.400
5494	786.500
5644	786.800
5510	786.900
5546	786.900
5580	787.000
5778	787.000
5795	787.000
5630	787.100
5669	787.100
5578	787.200
5663	787.500
5668	788.000
5682	788.000
5522	788.200
5489	788.300
5802	788.600
5401	789.300
5763	789.600
5460	790.100
5505	790.100
5729	790.100
5789	790.500
5803	790.500
5776	790.600
5524	790.700
5686	790.800
5544	791.300
5417	791.400
5438	792.600
5556	792.600
5819	792.900
5459	794.200
5479	795.800
5461	797.600
5437	798.000
5398	798.500
5709	798.600
5531	799.100
5656	799.500
5846	799.600
5714	799.800
5797	799.900
5507	800.300
5665	800.300
5551	800.400
5639	800.500
5866	800.600
5592	800.700
5605	801.000
5478	801.400
5511	801.500
5563	801.500
5814	801.500
5451	801.700
5838	801.700
5491	801.800
5849	801.800
5832	802.000
5572	802.100
5715	802.200
5798	802.200
5470	802.300
5645	802.300
5770	802.500
5521	802.900
5694	803.000
5867	803.100
5651	803.500
5829	804.000
5870	804.000
5490	804.400
5741	804.400
5687	804.500
5748	804.600
5793	804.600
5863	806.200
5690	806.700
5759	807.000
5439	807.600
5806	807.700
5744	807.800
5425	808.100
5546	808.600
5747	808.600
5520	810.700
5676	812.300
5740	813.100
5587	815.100
5499	815.400
5648	815.500
5843	816.500
5629	816.700
5637	816.700
5801	816.900
5722	817.000
5675	817.100
5424	817.300
5600	817.900
5701	818.000
5727	818.100
5749	818.100
5550	818.200
5761	818.300
5423	818.500
5552	818.500
5392	818.600
5816	818.600
5442	818.700
5596	818.700
5624	818.700
5515	818.800
5738	818.800
5729	818.900
5471	819.000
5422	819.100
5429	819.100
5397	819.200
5654	819.200
5432	819.300
5709	819.300
5597	819.700
5537	819.800
5866	819.800
5669	819.900
5818	819.900
5428	820.000
5466	820.000
5560	820.000
5805	820.000
5435	820.100
5642	820.100
5547	820.200
5641	820.200
5450	820.300
5404	820.400
5426	820.500
5576	820.500
5725	820.500
5828	820.500
5658	820.700
5566	820.800
5635	820.800
5752	821.000
5754	821.100
5814	821.100
5826	821.300
5506	821.500
5859	821.500
5439	821.600
5804	821.700
5530	821.800
5556	821.800
5653	821.800
5839	821.900
5726	822.000
5543	822.200
5399	822.400
5694	822.400
5541	822.600
5500	822.700
5830	822.900
5491	823.300
5769	824.100
5834	824.600
5777	824.800
5412	825.000
5789	826.200
5619	826.800
5693	827.200
5867	827.600
5554	828.400
5824	828.400
5836	828.600
5732	829.500
5612	830.000
5741	830.300
5457	831.200
5595	831.700
5763	832.400
5757	833.300
5494	833.400
5829	834.000
5459	835.400
5486	836.200
5832	836.700
5726	837.400
5403	838.600
5856	841.000
5525	841.500
5740	841.900
5750	841.900
5808	843.200
5422	844.300
5467	844.600
5801	846.300
5813	846.300
5774	846.500
5855	846.900
5474	847.800
5690	847.900
5625	848.700
5809	848.900
5861	849.400
5650	850.000
5876	850.600
5571	851.100
5546	851.400
5555	851.600
5843	851.700
5860	852.000
5533	852.300
5656	852.300
5806	853.300
5720	853.600
5559	853.700
5852	853.700
5814	853.800
5414	854.300
5523	854.500
5562	854.500
5770	854.500
5592	854.600
5641	854.700
5448	855.000
5581	855.100
5848	855.300
5613	855.400
5662	855.400
5754	855.700
5557	855.900
5675	855.900
5645	856.000
5603	856.100
5643	856.100
5432	856.200
5781	856.200
5739	856.700
5421	857.000
5437	857.200
5862	857.200
5710	857.400
5803	857.700
5870	857.800
5602	858.100
5777	858.200
5672	858.600
5615	858.700
5850	858.700
5543	859.800
5647	859.800
5776	860.000
5401	860.100
5468	860.100
5524	860.200
5580	860.600
5859	860.600
5460	860.700
5412	860.800
5683	860.800
5751	860.800
5438	860.900
5665	861.100
5442	861.200
5663	861.300
5459	861.500
5867	861.600
5491	861.800
5725	861.900
5780	861.900
5626	862.000
5707	862.500
5742	862.700
5821	863.200
5844	863.200
5671	863.300
5744	863.300
5768	863.300
5611	863.600
5556	864.600
5612	864.600
5582	864.900
5746	865.500
5548	866.200
5856	867.100
5607	867.900
5873	868.500
5496	868.600
5504	869.100
5553	870.000
5452	870.300
5735	870.600
5826	870.600
5636	870.700
5530	872.400
5686	872.800
5702	873.100
5855	873.300
5749	873.900
5477	874.100
5456	874.300
5407	874.500
5537	875.100
5571	875.100
5792	875.100
5709	875.200
5493	875.500
5507	875.500
5569	875.700
5532	875.800
5729	875.800
5513	880.600
5874	882.200
5420	882.300
5461	882.700
5794	883.500
5554	884.500
5424	884.700
5727	884.700
5509	885.100
5713	886.400
5499	887.000
5660	887.300
5785	887.400
5629	887.700
5804	887.800
5665	888.400
5429	888.500
5688	888.500
5775	889.000
5445	889.200
5834	889.200
5814	889.300
5636	889.500
5558	889.700
5797	890.400
5806	890.500
5807	891.400
5547	892.200
5550	892.400
5627	892.800
5730	893.400
5732	893.800
5402	894.000
5777	894.300
5871	894.600
5836	894.700
5770	895.500
5484	896.500
5705	897.400
5486	897.600
5784	897.600
5413	898.500
5650	898.500
5469	898.600
5475	898.800
5786	899.300
5741	899.500
5589	899.900
5466	900.200
5759	900.400
5521	900.600
5714	900.600
5512	900.700
5867	900.700
5872	900.700
5496	901.000
5533	901.100
5596	901.200
5598	901.200
5400	901.300
5808	901.300
5813	901.400
5738	901.500
5580	901.600
5612	901.900
5663	902.000
5633	902.200
5401	902.400
5442	902.500
5479	902.500
5500	902.800
5394	903.100
5546	903.200
5647	903.400
5536	903.600
5416	903.700
5454	905.100
5782	905.100
5743	905.500
5805	905.500
5740	906.600
5561	909.500
5611	910.300
5873	910.600
5776	910.900
5773	911.900
5560	912.100
5644	912.400
5761	912.400
5628	912.600
5563	912.800
5593	913.000
5489	913.200
5411	913.300
5535	913.300
5754	913.400
5817	913.700
5696	914.100
5478	914.500
5735	914.500
5551	915.100
5511	915.500
5415	915.900
5590	916.400
5423	916.800
5432	916.800
5728	917.300
5876	917.700
5770	918.600
5600	919.500
5638	919.600
5690	919.900
5474	920.300
5475	920.500
5729	920.700
5490	920.800
5456	922.200
5651	923.500
5664	923.500
5701	923.700
5769	924.100
5767	925.200
5509	925.700
5481	925.800
5530	926.400
5594	926.400
5807	926.500
5834	926.800
5430	927.100
5503	927.300
5420	927.500
5492	929.300
5715	929.800
5491	930.500
5617	930.600
5712	931.200
5442	931.300
5635	931.800
5821	932.200
5668	932.500
5493	934.000
5412	935.300
5718	935.300
5759	935.600
5401	936.000
5400	936.400
5780	936.900
5600	937.000
5852	937.000
5785	937.100
5717	937.200
5851	937.200
5453	937.300
5660	937.500
5592	937.600
5625	937.700
5710	937.700
5497	938.000
5836	938.100
5808	938.300
5649	938.400
5859	938.400
5465	938.500
5471	938.600
5591	938.600
5768	938.600
5440	938.700
5691	938.700
5794	938.700
5871	938.700
5711	938.800
5756	938.800
5569	939.000
5685	939.000
5848	939.000
5650	939.100
5694	939.100
5698	939.100
5451	939.300
5752	939.400
5828	939.500
5629	939.600
5632	939.600
5831	939.600
5517	939.700
5552	939.700
5425	939.800
5590	939.900
5596	940.000
5801	940.000
5875	940.100
5840	940.200
5863	940.400
5612	940.600
5695	941.100
5720	941.400
5696	941.600
5555	941.700
5765	942.300
5512	942.600
5719	942.600
5533	942.700
5627	942.900
5797	943.000
5806	943.100
5526	943.400
5523	943.700
5481	943.900
5521	944.900
5829	944.900
5805	945.300
5813	945.500
5656	946.900
5725	947.700
5461	949.300
5652	949.300
5738	949.300
5562	950.900
5793	952.400
5482	952.500
5714	952.900
5749	953.400
5822	953.500
5747	953.700
5421	953.900
5501	954.500
5636	954.500
5705	954.500
5760	954.500
5687	954.600
5637	954.900
5553	955.000
5571	955.600
5543	956.000
5475	956.200
5513	957.300
5457	959.300
5486	959.300
5779	960.900
5624	961.100
5782	961.800
5718	962.500
5507	962.600
5709	962.700
5470	962.900
5422	963.000
5502	963.300
5495	963.600
5499	964.300
5786	964.400
5759	964.500
5814	964.700
5417	965.400
5564	965.900
5481	966.000
5424	966.200
5438	966.200
5447	967.800
5612	967.900
5498	968.300
5628	968.400
5714	968.400
5874	968.900
5757	969.100
5715	969.400
5405	970.100
5456	970.300
5437	972.600
5442	973.300
5635	973.600
5753	973.700
5750	973.900
5707	974.500
5536	974.600
5560	974.800
5425	974.900
5494	976.600
5872	976.700
5474	976.900
5466	977.700
5792	978.200
5665	979.800
5691	980.000
5823	980.000
5843	980.000
5516	980.400
5554	980.400
5833	980.400
5787	980.500
5613	980.600
5745	980.700
5436	980.800
5539	981.200
5695	981.600
5672	982.200
5535	982.300
5816	982.900
5804	983.100
5517	983.600
5806	984.800
5873	985.300
5749	985.500
5520	985.700
5479	985.900
5653	986.600
5430	986.800
5471	986.800
5452	987.100
5626	987.200
5784	987.200
5686	987.300
5525	987.500
5574	987.500
5722	987.600
5802	987.600
5780	987.700
5796	987.700
5861	987.800
5465	987.900
5496	988.100
5836	988.300
5844	988.300
5445	988.500
5547	988.700
5776	988.800
5450	989.100
5463	989.100
5834	989.300
5852	989.300
5647	989.400
5571	989.700
5595	989.700
5738	989.800
5807	989.800
5427	989.900
5507	990.000
5556	990.100
5398	990.300
5432	990.300
5692	990.300
5652	990.400
5680	990.400
5429	990.500
5636	990.500
5561	990.600
5648	990.600
5659	990.700
5826	991.000
5848	991.000
5781	991.100
5875	991.300
5856	991.500
5687	991.700
5415	991.800
5761	991.800
5543	992.100
5681	992.200
5637	992.500
5411	992.900
5475	993.100
5700	993.100
5733	993.300
5779	993.900
5874	994.000
5803	995.200
5674	995.500
5551	995.700
5658	995.700
5685	995.900
5840	996.500
5729	996.700
5409	998.000
5421	998.300
5620	998.700
5519	998.800
5629	998.900
5773	999.100
5690	999.200
5822	999.300
5662	999.500
5422	999.700
5612	999.700
5453	999.800
5484	999.800
5557	1000.100
5748	1000.100
5477	1000.200
5554	1000.500
5434	1000.700
5814	1000.700
5424	1000.800
5583	1001.100
5591	1001.100
5553	1001.700
5515	1001.800
5741	1003.300
5680	1004.700
5441	1005.800
5524	1008.000
5867	1011.200
5459	1011.700
5740	1012.200
5725	1013.700
5482	1013.800
5712	1014.100
5401	1014.200
5412	1014.200
5714	1014.200
5533	1014.600
5785	1014.900
5632	1015.100
5474	1015.200
5650	1015.300
5859	1015.400
5744	1015.800
5462	1016.000
5512	1016.000
5801	1016.000
5872	1016.000
5541	1016.100
5414	1016.200
5695	1016.200
5465	1016.500
5500	1016.600
5775	1016.600
5791	1016.600
5471	1016.700
5530	1016.700
5726	1016.700
5764	1016.700
5404	1016.800
5769	1017.000
5799	1017.000
5855	1017.100
5550	1017.200
5595	1017.200
5786	1017.300
5790	1017.300
5559	1017.400
5767	1017.500
5461	1017.600
5689	1017.700
5435	1017.800
5433	1017.900
5485	1017.900
5789	1017.900
5546	1018.100
5843	1018.300
5641	1018.400
5649	1018.500
5420	1018.600
5747	1019.000
5528	1020.200
5580	1020.500
5751	1021.100
5866	1023.000
5664	1023.200
5467	1023.700
5750	1023.900
5456	1025.400
5635	1026.000
5816	1026.300
5448	1028.000
5551	1031.000
5846	1032.100
5765	1032.700
5870	1033.000
5453	1033.100
5596	1033.400
5454	1033.500
5481	1033.500
5422	1033.900
5643	1034.000
5616	1034.100
5587	1034.200
5593	1034.200
5652	1034.200
5613	1034.300
5640	1034.300
5614	1034.400
5639	1034.400
5533	1034.500
5832	1034.500
5523	1034.900
5709	1034.900
5442	1035.100
5730	1035.100
5770	1035.100
5811	1035.100
5829	1035.100
5475	1035.200
5535	1035.200
5531	1035.400
5598	1035.400
5458	1035.700
5607	1035.800
5590	1036.200
5654	1036.200
5490	1036.500
5718	1036.600
5805	1037.500
5782	1037.600
5584	1038.100
5663	1038.100
5814	1038.300
5721	1038.800
5402	1038.900
5605	1039.100
5696	1039.400
5741	1039.400
5471	1039.700
5680	1039.700
5822	1039.700
5804	1040.100
5399	1040.300
5408	1040.400
5415	1040.400
5852	1040.400
5522	1040.500
5592	1041.000
5623	1041.000
5509	1041.100
5803	1041.100
5735	1041.200
5789	1041.200
5651	1041.400
5694	1041.600
5861	1041.900
5848	1042.000
5538	1042.200
5713	1043.000
5591	1043.300
5629	1043.500
5494	1043.600
5611	1043.800
5419	1044.000
5445	1044.000
5612	1046.100
5863	1046.900
5693	1047.400
5412	1049.600
5727	1049.900
5496	1050.100
5524	1050.300
5867	1051.600
5690	1052.000
5567	1052.600
5394	1052.800
5429	1053.200
5712	1053.300
5748	1053.300
5585	1053.400
5457	1054.500
5459	1054.700
5628	1054.800
5500	1055.300
5656	1055.600
5489	1055.700
5504	1063.300
5496	1063.900
5733	1063.900
5741	1064.900
5647	1065.300
5759	1065.700
5797	1065.800
5638	1066.000
5808	1066.100
5521	1066.200
5862	1066.200
5506	1066.300
5475	1066.500
5630	1066.700
5608	1067.300
5425	1067.400
5760	1068.100
5499	1068.200
5432	1068.500
5709	1068.500
5753	1068.500
5505	1068.600
5625	1068.700
5729	1068.700
5649	1068.800
5565	1068.900
5705	1068.900
5595	1069.000
5738	1069.100
5589	1070.000
5686	1070.000
5556	1070.700
5459	1070.900
5749	1071.600
5563	1071.700
5696	1072.400
5447	1072.600
5478	1073.300
5423	1073.800
5776	1074.000
5435	1074.100
5573	1075.700
5716	1076.100
5543	1076.500
5814	1076.500
5685	1076.900
5502	1077.100
5748	1077.800
5496	1078.800
5633	1078.900
5714	1079.000
5818	1079.100
5486	1079.500
5535	1079.800
5424	1079.900
5437	1079.900
5854	1080.500
5438	1080.800
5526	1080.800
5584	1081.000
5600	1081.000
5550	1081.100
5844	1081.100
5663	1081.300
5798	1081.300
5624	1081.600
5672	1081.800
5764	1081.800
5406	1082.000
5636	1082.000
5546	1082.600
5789	1082.600
5874	1082.700
5771	1082.800
5719	1082.900
5511	1083.100
5757	1083.200
5430	1083.300
5457	1083.300
5456	1083.400
5846	1083.600
5433	1085.800
5728	1085.900
5539	1086.900
5560	1087.200
5492	1089.200
5530	1089.300
5604	1089.700
5559	1090.600
5664	1093.600
5765	1094.600
5745	1094.900
5680	1096.300
5590	1096.600
5574	1097.000
5795	1097.100
5825	1097.200
5792	1097.700
5859	1098.000
5688	1098.300
5478	1098.400
5731	1098.400
5475	1098.500
5447	1098.600
5829	1098.700
5401	1099.200
5729	1099.900
5652	1100.300
5801	1100.400
5686	1100.900
5645	1101.000
5694	1101.300
5417	1101.400
5547	1101.400
5561	1101.700
5471	1102.000
5637	1102.100
5632	1102.700
5611	1102.900
5824	1103.100
5725	1103.300
5874	1103.500
5711	1103.800
5509	1105.100
5710	1105.200
5803	1105.200
5508	1105.500
5700	1105.900
5867	1106.600
5723	1106.700
5572	1106.800
5546	1106.900
5872	1106.900
5846	1107.100
5486	1107.200
5587	1107.200
5431	1107.900
5598	1108.100
5654	1108.700
5452	1108.900
5691	1109.000
5836	1109.600
5763	1109.800
5778	1109.900
5643	1110.200
5442	1110.300
5394	1110.800
5583	1111.000
5421	1112.500
5607	1113.400
5853	1113.400
5679	1113.800
5722	1114.200
5453	1115.500
5729	1115.600
5592	1115.700
5412	1116.200
5481	1117.700
5585	1117.700
5629	1117.900
5457	1118.000
5414	1118.200
5660	1118.700
5599	1119.100
5458	1119.200
5785	1119.300
5648	1119.400
5477	1119.500
5647	1119.500
5513	1119.800
5623	1120.400
5771	1120.400
5507	1121.400
5716	1121.700
5476	1122.300
5814	1122.300
5741	1122.600
5437	1123.400
5550	1124.600
5450	1124.900
5688	1125.900
5641	1126.500
5541	1127.500
5530	1128.700
5667	1129.300
5463	1130.200
5855	1130.200
5749	1130.300
5584	1131.100
5835	1131.300
5867	1131.400
5773	1131.700
5643	1131.900
5459	1132.000
5595	1132.300
5440	1133.200
5818	1133.300
5393	1133.600
5685	1133.800
5613	1133.900
5632	1134.300
5745	1134.600
5821	1135.000
5779	1135.100
5631	1135.200
5774	1135.300
5674	1135.700
5871	1135.700
5603	1135.900
5588	1136.000
5767	1136.300
5556	1136.500
5626	1136.600
5505	1136.700
5712	1136.700
5406	1136.900
5521	1137.700
5848	1138.200
5625	1138.700
5650	1139.000
5769	1139.000
5787	1139.200
5547	1139.300
5434	1139.400
5629	1139.500
5856	1140.000
5523	1140.100
5814	1140.400
5640	1140.600
5713	1140.700
5829	1140.700
5449	1140.800
5421	1140.900
5705	1140.900
5652	1141.100
5551	1141.200
5452	1141.300
5759	1141.300
5790	1141.400
5864	1141.500
5869	1141.700
5614	1141.800
5780	1141.900
5694	1142.000
5742	1142.000
5581	1142.200
5803	1142.400
5806	1142.400
5777	1142.500
5793	1142.500
5573	1142.700
5665	1142.900
5840	1143.000
5749	1143.500
5756	1143.500
5437	1144.400
5496	1144.500
5506	1144.500
5833	1144.800
5422	1144.900
5789	1144.900
5786	1145.000
5726	1145.300
5718	1146.200
5844	1146.800
5738	1147.000
5425	1147.100
5522	1148.300
5590	1150.100
5530	1150.200
5732	1153.300
5583	1153.600
5701	1154.100
5709	1154.100
5746	1154.600
5670	1155.300
5741	1155.300
5696	1155.600
5567	1156.500
5637	1157.800
5735	1157.900
5537	1158.600
5823	1158.600
5501	1159.300
5532	1159.800
5850	1160.100
5638	1160.500
5738	1161.200
5517	1161.600
5876	1161.900
5447	1162.300
5406	1162.700
5742	1163.000
5839	1163.200
5690	1163.300
5486	1163.400
5872	1163.700
5454	1163.800
5496	1163.800
5688	1163.900
5435	1164.000
5770	1164.000
5846	1164.100
5432	1164.500
5825	1164.700
5533	1164.800
5543	1164.900
5644	1165.300
5800	1166.000
5592	1166.200
5694	1166.200
5740	1166.400
5641	1166.500
5551	1166.600
5804	1166.600
5652	1167.100
5848	1167.200
5624	1168.200
5676	1169.000
5609	1169.200
5539	1169.700
5834	1170.000
5398	1170.300
5601	1170.300
5449	1170.600
5535	1171.200
5860	1171.200
5605	1171.400
5719	1171.600
5587	1171.700
5714	1171.800
5682	1172.100
5842	1172.200
5604	1172.300
5707	1172.800
5460	1173.100
5491	1173.100
5671	1173.600
5451	1173.800
5780	1174.000
5806	1174.000
5859	1174.300
5405	1174.400
5407	1174.400
5526	1174.500
5515	1175.000
5401	1175.400
5437	1175.400
5759	1176.200
5651	1176.300
5570	1176.600
5409	1177.100
5725	1179.100
5447	1179.400
5723	1179.600
5696	1179.700
5814	1181.000
5794	1181.300
5546	1181.500
5496	1181.800
5797	1182.300
5781	1182.500
5721	1182.700
5680	1183.800
5392	1184.700
5801	1184.700
5608	1185.000
5711	1185.100
5513	1186.300
5803	1186.700
5477	1186.800
5746	1186.900
5854	1187.400
5541	1187.600
5571	1187.600
5741	1187.600
5612	1187.800
5824	1187.800
5431	1187.900
5628	1187.900
5553	1188.200
5756	1188.200
5873	1188.300
5516	1188.500
5777	1188.500
5406	1188.900
5473	1188.900
5547	1189.000
5601	1189.100
5531	1189.200
5607	1189.200
5812	1189.200
5487	1189.400
5844	1189.400
5874	1189.700
5480	1189.800
5738	1189.800
5867	1190.300
5629	1190.500
5425	1190.900
5503	1190.900
5420	1192.000
5442	1193.200
5715	1193.400
5598	1193.500
5763	1193.600
5655	1193.800
5836	1194.000
5445	1194.600
5866	1194.600
5808	1194.700
5816	1195.000
5855	1195.300
5418	1195.700
5457	1195.700
5639	1195.800
5564	1195.900
5679	1196.000
5771	1196.000
5422	1196.100
5830	1196.100
5602	1196.700
5856	1196.700
5438	1196.900
5714	1198.800
5660	1204.200
5486	1204.800
5668	1205.800
5412	1206.100
5496	1206.100
5446	1206.200
5829	1206.300
5616	1206.400
5779	1206.900
5859	1207.100
5491	1208.200
5502	1208.500
5665	1208.600
5798	1209.300
5831	1210.100
5459	1210.600
5687	1211.000
5702	1211.000
5533	1211.100
5696	1211.100
5835	1211.100
5429	1211.200
5712	1211.200
5467	1211.400
5677	1211.500
5485	1211.600
5552	1211.600
5640	1211.600
5409	1211.700
5453	1211.700
5759	1211.700
5818	1211.700
5525	1211.800
5627	1211.800
5763	1211.900
5868	1211.900
5465	1212.000
5642	1212.000
5681	1212.000
5870	1212.000
5425	1212.100
5723	1212.100
5786	1212.100
5806	1212.100
5489	1212.200
5581	1212.200
5398	1212.300
5751	1212.300
5574	1212.400
5749	1212.400
5756	1212.400
5532	1212.500
5797	1212.500
5667	1212.600
5826	1212.600
5428	1212.700
5782	1212.700
5444	1212.800
5691	1212.800
5526	1212.900
5637	1212.900
5860	1212.900
5404	1213.000
5683	1213.000
5736	1213.200
5867	1213.200
5675	1213.300
5775	1213.300
5430	1213.400
5501	1213.400
5462	1213.500
5536	1213.500
5456	1213.600
5609	1213.600
5519	1213.700
5419	1213.900
5710	1214.000
5781	1214.000
5490	1214.100
5726	1214.200
5777	1214.400
5774	1214.500
5844	1214.800
5592	1214.900
5473	1215.000
5421	1215.200
5674	1215.300
5741	1215.500
5690	1215.600
5482	1216.300
5628	1216.900
5559	1217.300
5499	1217.500
5447	1217.700
5517	1217.900
5686	1219.700
5600	1222.000
5530	1224.800
5746	1225.100
5407	1226.500
5571	1227.100
5397	1227.700
5860	1228.000
5820	1228.500
5507	1229.200
5683	1229.500
5527	1229.700
5551	1230.000
5616	1230.200
5771	1230.200
5648	1231.000
5412	1231.100
5535	1232.700
5732	1232.900
5724	1233.200
5834	1233.200
5669	1233.400
5400	1233.500
5556	1233.800
5415	1234.100
5637	1234.100
5649	1234.100
5438	1234.400
5513	1234.500
5466	1234.600
5544	1234.600
5709	1234.700
5726	1234.900
5729	1234.900
5714	1235.000
5442	1235.100
5401	1235.300
5707	1235.800
5646	1236.100
5462	1236.500
5504	1237.200
5567	1237.200
5603	1237.700
5786	1238.000
5803	1238.000
5842	1238.000
5474	1238.900
5476	1240.100
5459	1240.300
5872	1240.300
5489	1240.900
5482	1241.900
5467	1242.600
5768	1242.900
5741	1243.300
5867	1243.600
5545	1244.200
5395	1244.600
5852	1244.800
5590	1245.000
5782	1245.100
5747	1245.800
5652	1245.900
5761	1246.500
5455	1247.000
5688	1247.600
5578	1247.900
5394	1248.200
5551	1248.200
5725	1248.300
5651	1249.000
5746	1249.500
5722	1249.600
5400	1250.500
5496	1250.600
5804	1250.600
5465	1250.900
5486	1251.200
5614	1251.400
5543	1251.600
5403	1251.700
5719	1253.100
5690	1253.400
5712	1254.400
5780	1255.100
5570	1255.200
5749	1255.800
5789	1256.300
5483	1256.400
5838	1256.600
5417	1257.200
5809	1257.300
5759	1257.400
5414	1257.800
5777	1257.800
5718	1257.900
5848	1258.100
5696	1258.200
5703	1258.200
5647	1258.400
5596	1258.500
5641	1258.500
5756	1258.700
5853	1258.700
5669	1258.900
5702	1258.900
5523	1259.000
5406	1259.200
5603	1259.200
5628	1259.200
5844	1259.200
5856	1259.200
5426	1259.300
5452	1259.300
5794	1259.500
5521	1259.800
5577	1259.800
5434	1259.900
5442	1259.900
5714	1259.900
5814	1259.900
5738	1260.100
5736	1260.300
5535	1260.500
5499	1263.800
5545	1264.400
5563	1264.700
5863	1264.800
5770	1265.500
5552	1266.000
5728	1266.000
5562	1266.100
5709	1266.200
5529	1266.300
5441	1266.500
5729	1266.500
5537	1266.700
5825	1266.900
5402	1267.100
5705	1267.200
5489	1267.300
5860	1267.400
5867	1267.700
5765	1267.800
5547	1267.900
5786	1268.400
5849	1268.700
5466	1268.900
5870	1269.000
5501	1269.100
5509	1269.100
5568	1269.100
5776	1269.100
5680	1269.200
5707	1269.500
5713	1269.600
5601	1269.700
5795	1270.000
5511	1270.200
5611	1270.400
5682	1270.400
5396	1270.600
5588	1270.600
5583	1270.700
5648	1270.700
5740	1270.700
5474	1270.800
5546	1270.800
5424	1270.900
5522	1270.900
5723	1270.900
5747	1270.900
5519	1271.000
5505	1271.200
5550	1271.300
5710	1271.300
5663	1271.400
5824	1271.500
5652	1271.600
5761	1271.700
5471	1271.900
5526	1271.900
5828	1271.900
5800	1272.000
5532	1272.200
5750	1272.200
5541	1273.000
5481	1273.500
5629	1274.300
5672	1275.000
5461	1275.900
5533	1277.300
5451	1277.600
5732	1277.600
5836	1278.400
5781	1278.800
5692	1279.200
5448	1279.500
5470	1279.600
5674	1280.000
5412	1280.300
5624	1280.300
5813	1280.300
5721	1280.400
5662	1280.500
5738	1280.500
5517	1281.000
5830	1281.000
5759	1281.600
5457	1281.700
5757	1281.700
5428	1282.100
5459	1282.300
5600	1282.300
5735	1282.700
5806	1282.800
5460	1283.100
5718	1283.200
5844	1283.300
5399	1283.400
5523	1283.700
5627	1283.900
5511	1284.100
5638	1284.300
5715	1284.300
5401	1284.500
5834	1285.100
5840	1285.200
5777	1285.500
5628	1285.700
5862	1285.700
5584	1286.700
5761	1286.800
5463	1287.300
5641	1287.600
5709	1287.900
5825	1288.000
5485	1288.700
5839	1288.900
5446	1289.100
5796	1289.100
5582	1289.300
5832	1289.300
5778	1289.500
5697	1289.800
5636	1290.300
5531	1290.400
5561	1290.600
5597	1290.700
5475	1290.800
5421	1290.900
5818	1291.100
5855	1291.100
5776	1291.200
5548	1291.300
5563	1291.300
5649	1291.400
5657	1291.400
5729	1291.400
5509	1291.700
5870	1291.700
5850	1291.800
5408	1292.600
5696	1292.600
5829	1293.700
5573	1295.800
5826	1296.400
5576	1297.200
5442	1297.800
5859	1297.800
5404	1297.900
5772	1298.500
5438	1299.900
5556	1299.900
5555	1300.400
5797	1300.400
5714	1301.000
5646	1301.500
5851	1301.600
5868	1301.600
5505	1302.100
5528	1303.000
5712	1305.900
5808	1307.300
5603	1308.000
5764	1308.800
5867	1310.700
5515	1311.800
5461	1311.900
5647	1314.100
5452	1314.600
5642	1314.800
5767	1315.700
5742	1315.900
5674	1316.000
5521	1316.100
5675	1316.200
5552	1316.700
5543	1316.800
5875	1316.800
5524	1317.200
5790	1317.300
5711	1317.400
5574	1317.500
5420	1317.700
5398	1318.400
5649	1318.500
5687	1318.500
5582	1318.700
5535	1318.900
5723	1318.900
5553	1319.200
5611	1319.200
5729	1319.300
5874	1319.300
5559	1319.500
5458	1319.600
5478	1319.800
5614	1319.900
5860	1320.100
5844	1320.200
5736	1320.400
5831	1320.400
5727	1320.500
5872	1320.500
5804	1320.600
5556	1321.100
5623	1321.200
5773	1321.200
5567	1321.600
5660	1321.900
5639	1322.100
5447	1322.300
5746	1322.700
5577	1323.000
5715	1323.300
5466	1323.500
5759	1323.500
5486	1323.700
5757	1323.700
5481	1324.100
5826	1324.200
5493	1324.800
5859	1325.100
5571	1325.300
5637	1325.500
5750	1325.500
5856	1325.900
5685	1326.000
5779	1326.000
5758	1326.200
5718	1326.500
5610	1326.700
5848	1326.800
5604	1326.900
5744	1326.900
5749	1327.000
5797	1327.000
5814	1327.100
5849	1327.200
5523	1327.400
5728	1327.400
5810	1327.400
5803	1327.600
5564	1327.900
5612	1328.100
5487	1328.400
5793	1328.400
5809	1328.400
5823	1328.500
5496	1329.000
5546	1329.000
5573	1329.200
5655	1329.300
5592	1329.500
5832	1329.700
5648	1330.700
5705	1331.000
5412	1331.400
5512	1331.600
5535	1331.700
5517	1332.200
5765	1332.500
5463	1333.700
5629	1334.600
5735	1335.000
5631	1335.700
5690	1336.400
5403	1338.300
5768	1340.200
5863	1340.900
5417	1341.300
5638	1342.700
5767	1343.400
5656	1343.900
5478	1344.400
5790	1344.500
5630	1345.300
5533	1345.700
5555	1345.800
5645	1346.200
5477	1346.700
5751	1346.700
5458	1346.800
5627	1346.800
5807	1348.500
5789	1348.900
5556	1349.300
5696	1349.600
5705	1350.900
5693	1351.100
5476	1351.500
5613	1352.600
5720	1353.100
5715	1354.300
5526	1355.000
5445	1355.100
5562	1355.100
5498	1355.200
5717	1355.300
5421	1355.700
5663	1356.100
5844	1356.400
5697	1356.700
5505	1357.100
5416	1357.400
5688	1357.500
5848	1357.500
5629	1358.200
5724	1358.200
5410	1358.800
5816	1358.800
5497	1359.200
5434	1359.600
5424	1359.800
5550	1360.000
5861	1360.100
5664	1360.200
5567	1360.600
5542	1360.700
5757	1361.700
5492	1362.300
5871	1362.400
5624	1363.100
5546	1363.200
5509	1363.600
5804	1363.700
5530	1363.900
5682	1364.100
5743	1364.600
5808	1364.700
5834	1364.700
5406	1364.800
5453	1365.700
5765	1365.700
5705	1366.200
5506	1366.300
5537	1366.400
5676	1366.600
5746	1366.900
5572	1367.200
5767	1367.300
5539	1367.500
5714	1367.500
5740	1367.900
5595	1368.300
5874	1368.300
5448	1368.400
5712	1368.500
5642	1368.700
5727	1368.700
5563	1368.900
5677	1368.900
5452	1369.300
5653	1369.300
5655	1369.400
5554	1369.600
5604	1369.600
5500	1369.900
5450	1370.000
5745	1370.000
5405	1370.100
5457	1370.100
5536	1370.100
5786	1370.100
5529	1370.200
5706	1370.300
5420	1370.400
5499	1370.900
5634	1371.000
5602	1371.100
5649	1371.200
5747	1371.200
5867	1371.400
5541	1371.600
5729	1371.600
5824	1371.600
5413	1371.800
5723	1371.900
5475	1372.000
5855	1372.400
5513	1372.600
5547	1372.600
5412	1372.700
5849	1372.700
5561	1372.800
5468	1372.900
5431	1373.100
5656	1373.100
5741	1373.100
5438	1373.200
5630	1373.300
5782	1373.300
5866	1373.300
5651	1373.500
5789	1374.400
5517	1374.500
5719	1374.500
5400	1374.800
5511	1374.900
5629	1375.100
5778	1375.100
5594	1375.200
5502	1375.500
5411	1375.700
5846	1376.000
5612	1376.900
5692	1376.900
5785	1377.800
5523	1378.000
5587	1378.100
5664	1378.300
5814	1378.600
5417	1378.800
5799	1378.900
5722	1379.600
5471	1379.900
5832	1379.900
5611	1380.300
5401	1380.700
5509	1381.500
5551	1381.900
5615	1382.300
5734	1382.300
5466	1382.500
5434	1383.100
5436	1383.600
5859	1383.800
5638	1384.900
5598	1385.800
5726	1390.400
5494	1390.800
5826	1391.300
5794	1391.900
5507	1393.400
5680	1393.600
5777	1393.900
5544	1394.500
5641	1394.600
5789	1394.900
5803	1394.900
5862	1395.200
5453	1395.500
5669	1395.800
5822	1396.000
5856	1396.100
5694	1396.300
5438	1396.400
5510	1396.500
5450	1396.800
5473	1396.900
5682	1397.200
5713	1397.200
5395	1397.300
5609	1397.300
5730	1397.500
5401	1397.900
5530	1397.900
5424	1398.100
5841	1398.200
5784	1398.300
5414	1398.400
5585	1398.400
5608	1398.400
5421	1398.600
5846	1398.700
5518	1398.800
5627	1399.100
5800	1399.100
5419	1399.300
5825	1399.300
5757	1399.400
5406	1399.500
5531	1399.500
5467	1399.600
5415	1399.700
5427	1399.700
5639	1399.700
5616	1399.900
5830	1400.000
5457	1400.200
5665	1400.300
5742	1400.400
5714	1400.600
5535	1400.900
5636	1400.900
5696	1400.900
5754	1401.100
5580	1401.300
5442	1401.500
5597	1401.500
5712	1401.500
5836	1401.600
5528	1401.700
5729	1402.400
5855	1402.500
5807	1402.800
5828	1403.100
5738	1403.400
5433	1403.800
5567	1403.800
5543	1405.800
5604	1406.900
5484	1407.000
5677	1407.400
5503	1408.000
5775	1408.100
5798	1409.100
5860	1409.300
5686	1409.400
5629	1410.400
5844	1410.500
5664	1411.400
5867	1411.700
5490	1411.900
5456	1412.300
5547	1412.300
5486	1412.500
5482	1412.600
5397	1413.500
5728	1413.600
5550	1413.700
5780	1413.700
5786	1413.800
5394	1413.900
5475	1414.000
5600	1414.000
5437	1414.300
5619	1414.300
5592	1414.500
5626	1414.500
5776	1414.500
5618	1414.600
5754	1414.600
5451	1414.900
5667	1415.100
5520	1415.500
5627	1415.600
5441	1415.900
5507	1415.900
5603	1416.500
5635	1416.500
5546	1416.600
5567	1416.700
5870	1417.000
5552	1417.100
5576	1417.300
5676	1417.300
5872	1417.300
5532	1417.400
5586	1417.400
5808	1417.500
5448	1418.000
5568	1418.000
5874	1418.000
5519	1418.300
5624	1418.500
5751	1418.500
5714	1418.600
5793	1418.600
5662	1418.800
5741	1419.100
5761	1419.300
5590	1419.400
5539	1421.300
5540	1422.500
5859	1422.600
5710	1423.500
5789	1424.300
5491	1424.900
5720	1425.500
5398	1425.700
5469	1425.800
5663	1425.900
5688	1426.200
5638	1426.400
5464	1426.500
5809	1427.800
5555	1427.900
5498	1431.500
5664	1431.900
5796	1432.300
5629	1432.600
5513	1434.300
5733	1434.500
5637	1434.600
5848	1434.700
5738	1436.500
5459	1437.000
5614	1437.500
5798	1437.800
5583	1437.900
5417	1438.200
5442	1438.200
5490	1438.200
5780	1438.400
5501	1438.600
5432	1438.700
5425	1439.200
5852	1439.400
5396	1439.600
5844	1439.700
5613	1439.800
5656	1439.800
5803	1440.200
5725	1440.300
5753	1440.500
5652	1441.500
5777	1441.500
5832	1441.800
5468	1442.000
5813	1442.200
5403	1442.300
5524	1442.400
5668	1442.800
5643	1444.300
5470	1444.400
5767	1444.500
5556	1444.600
5580	1445.800
5456	1445.900
5607	1446.000
5611	1446.100
5771	1446.900
5552	1447.500
5795	1447.600
5601	1447.700
5746	1447.800
5708	1448.000
5597	1448.100
5600	1448.300
5571	1448.400
5667	1448.400
5737	1448.500
5800	1448.500
5704	1448.900
5423	1449.100
5421	1449.300
5505	1449.500
5551	1449.700
5635	1449.800
5729	1450.300
5828	1451.000
5870	1451.200
5555	1451.800
5574	1452.000
5641	1452.300
5702	1453.200
5412	1454.000
5474	1454.900
5713	1454.900
5794	1455.000
5741	1456.200
5801	1456.400
5457	1457.300
5448	1459.600
5491	1459.700
5682	1459.900
5797	1461.000
5588	1461.900
5441	1462.100
5530	1462.200
5407	1462.300
5665	1463.200
5631	1463.300
5864	1463.400
5533	1463.500
5450	1463.600
5576	1464.000
5638	1464.400
5789	1464.600
5573	1464.900
5821	1465.300
5732	1465.400
5747	1465.600
5757	1465.800
5750	1466.100
5485	1466.500
5591	1466.500
5597	1466.600
5769	1466.600
5823	1466.700
5763	1467.000
5585	1467.100
5784	1467.300
5517	1467.700
5813	1467.700
5509	1468.100
5403	1468.300
5735	1468.400
5652	1468.600
5477	1469.200
5733	1469.500
5620	1470.000
5481	1470.100
5439	1470.400
5753	1470.500
5843	1470.600
5861	1470.600
5782	1470.700
5531	1470.800
5738	1471.100
5874	1471.600
5600	1471.800
5751	1472.500
5496	1473.500
5743	1473.600
5521	1473.800
5624	1473.900
5662	1474.900
5644	1475.000
5412	1476.500
5804	1477.700
5551	1478.200
5836	1478.300
5808	1479.300
5555	1481.000
5705	1482.400
5770	1483.300
5535	1484.800
5627	1485.300
5592	1485.900
5504	1487.100
5479	1488.100
5654	1489.000
5457	1489.100
5860	1489.600
5496	1490.200
5454	1490.600
5789	1490.600
5446	1490.900
5421	1491.100
5567	1491.200
5441	1491.600
5416	1491.700
5743	1491.700
5636	1491.900
5777	1491.900
5501	1492.000
5819	1492.000
5617	1492.200
5807	1492.200
5436	1492.400
5858	1492.500
5696	1492.600
5806	1492.700
5548	1492.800
5408	1493.000
5740	1493.000
5830	1493.000
5422	1493.100
5784	1493.100
5642	1493.200
5541	1493.300
5570	1493.400
5414	1493.500
5665	1493.500
5776	1493.500
5590	1493.600
5773	1493.600
5756	1493.800
5460	1493.900
5692	1494.000
5759	1494.000
5831	1494.000
5727	1494.200
5447	1494.300
5848	1494.300
5604	1494.400
5714	1494.400
5626	1494.600
5826	1494.700
5465	1494.800
5690	1494.800
5732	1494.800
5794	1494.800
5439	1495.000
5645	1495.200
5722	1495.200
5445	1495.500
5476	1495.500
5840	1495.500
5843	1495.600
5872	1495.600
5586	1495.800
5532	1495.900
5700	1495.900
5846	1495.900
5404	1496.000
5613	1496.000
5761	1496.000
5685	1496.200
5792	1496.500
5638	1496.600
5623	1497.100
5505	1497.500
5663	1497.700
5643	1497.800
5543	1498.000
5537	1498.600
