# NEST version: master@992860964
# RecordingBackendASCII version: 2
sender	time_ms
6669	500.100
6114	501.100
6361	502.200
6186	503.400
6155	503.800
6328	507.400
6213	508.000
6797	508.400
6535	509.900
6238	510.200
6101	511.000
7044	511.400
7004	512.000
7238	512.200
6568	513.500
6642	513.600
7248	514.500
7401	514.800
7160	515.500
7243	515.600
7212	517.700
6972	519.800
6793	521.000
6430	521.300
7108	521.500
6824	521.800
7048	521.800
6310	522.300
6027	522.800
7028	522.800
6559	523.400
6011	524.100
6687	524.200
6378	524.800
7005	524.800
6767	525.200
6799	528.400
6598	528.600
6664	529.200
6640	529.300
6218	530.200
6291	530.200
6212	531.100
7044	531.800
7320	531.800
7109	532.300
5994	535.100
6262	535.900
6247	536.200
7266	539.700
6363	540.400
7337	541.500
7336	542.800
6999	545.900
7332	546.200
6274	546.500
6250	546.700
6661	546.700
6608	547.200
6359	547.400
6938	547.500
5985	548.100
6648	549.000
7055	549.200
7098	549.200
7251	549.500
6414	549.800
6941	550.200
6159	550.300
7303	550.500
6921	551.300
7399	551.900
6273	554.500
7168	558.000
7319	558.500
6970	562.100
6423	563.500
6959	563.600
6378	564.300
7310	564.600
6158	565.100
6878	565.400
7362	567.100
6770	567.400
7270	567.500
6687	567.700
6975	569.000
6598	569.100
6446	569.300
6336	570.500
7280	570.500
6734	571.500
7172	572.200
6582	572.900
6306	573.400
6136	575.000
6090	578.300
6947	578.300
6454	578.700
6368	578.900
6098	579.800
6724	580.000
6503	580.900
7220	581.900
6804	585.400
5985	587.400
7181	589.500
6524	590.200
7207	592.200
7217	592.900
6171	593.100
6087	593.600
6146	593.800
6300	594.500
6095	595.000
6279	595.300
6874	595.300
6055	595.400
6615	595.400
7139	595.500
6853	596.300
6042	596.600
6948	596.800
7339	597.000
6363	597.700
7320	597.700
6000	597.800
7185	598.700
6163	606.700
6964	607.000
6478	609.300
7005	609.600
6865	610.500
6310	610.600
6598	613.800
6481	614.800
6833	615.100
7248	616.000
7012	616.900
6996	617.300
6569	617.800
7163	618.300
6333	618.400
6616	618.600
7333	618.600
6554	619.300
6822	620.200
6955	620.200
6408	621.100
6724	622.400
6541	625.300
6246	625.400
7153	627.500
7198	627.700
6999	628.000
6359	628.200
6312	629.000
6053	629.100
6365	629.600
7037	630.500
6058	631.600
6814	632.000
6158	633.500
6498	633.600
7081	633.700
7106	634.800
7030	635.800
7197	636.200
6111	637.500
6208	638.400
7211	640.000
7405	640.400
6708	641.600
6419	642.300
6106	643.200
6655	643.200
6081	643.600
6101	643.800
6041	644.200
6819	645.200
7416	647.300
6921	647.700
6669	648.900
7374	648.900
6544	649.200
7146	649.700
6342	651.300
7062	651.400
6614	651.500
6492	651.900
6687	653.000
6289	657.800
6411	657.900
6079	658.700
7048	659.200
6311	659.800
7198	660.300
7001	660.800
6062	663.700
7271	664.200
6080	664.500
6346	665.100
6148	665.600
6246	666.100
7290	666.300
7280	666.400
7000	666.700
6506	668.100
6363	668.400
6050	668.500
7210	669.200
6915	669.400
7263	670.000
6247	672.100
6293	672.200
7137	672.500
6902	677.400
7368	679.400
6383	680.200
6052	680.400
6539	681.100
6648	683.600
7336	683.600
6304	684.200
7254	684.400
6483	685.100
6005	685.800
6478	686.500
7099	687.000
6990	688.700
7303	688.800
6973	689.300
7143	690.300
6083	690.400
7417	690.500
7104	690.600
7349	691.100
6017	693.500
6999	693.600
6365	693.800
6653	694.400
6504	695.000
6518	696.800
6374	698.400
6300	701.100
7407	704.100
7081	706.000
7398	706.600
6632	708.500
7130	708.500
7332	709.400
6946	711.500
6934	712.100
6271	714.800
6541	716.500
6603	717.100
6158	718.600
6480	718.600
7094	719.000
5996	719.800
6246	720.300
6651	720.700
6248	723.200
6520	723.500
7272	724.900
6736	726.000
6577	728.000
6785	729.700
6730	731.300
6799	732.300
6363	733.100
6432	733.500
7415	735.500
6874	738.500
6052	740.500
6501	740.600
7043	741.000
7265	741.400
6414	742.300
6292	742.400
6247	742.800
6767	743.300
6964	744.700
6606	744.800
6077	745.100
6923	745.100
6445	745.200
7246	745.400
6291	746.500
6376	746.900
6127	747.000
7286	747.100
7120	747.400
7306	748.200
6922	751.300
6598	751.600
6101	752.000
6497	755.000
6202	755.700
6261	756.500
6079	757.000
6251	757.400
6358	758.000
6158	758.400
6430	758.500
6736	758.500
7248	758.800
6080	760.500
6826	761.100
6815	761.400
7098	762.000
6878	762.200
6687	762.300
7323	762.700
6320	763.300
6194	763.800
6525	765.000
6767	765.500
6211	766.000
6415	767.400
7019	767.900
6905	769.600
6427	769.700
6471	769.700
6408	769.800
6268	770.000
6247	770.100
7305	770.300
6956	771.200
6515	771.400
7129	772.200
6784	772.800
6796	775.900
7372	775.900
6012	776.300
6862	776.300
6718	776.400
6341	777.000
6701	777.000
7200	778.900
6503	779.600
7310	781.300
7270	781.400
6891	782.400
6946	782.600
7415	785.200
6909	785.300
6119	786.100
6563	786.100
6382	787.300
6438	787.700
6840	788.600
6190	788.700
7148	791.900
7296	791.900
6231	792.600
7369	792.600
6751	793.000
6308	794.600
7380	795.400
6702	795.800
6234	796.300
6513	797.300
6669	797.500
7253	797.900
7048	798.300
7324	798.800
7286	799.300
6147	799.500
6246	799.500
6713	799.900
6545	801.600
6062	802.500
6575	803.700
7360	804.300
6538	806.200
7016	806.300
6051	806.500
6357	807.100
7107	807.200
6554	807.600
7134	807.800
6860	808.200
6548	809.100
7024	810.300
6682	810.900
6947	811.700
6544	813.300
6933	814.000
6257	814.300
6078	816.600
6500	818.900
6359	822.500
6158	823.000
6247	826.200
6687	827.500
6301	830.100
6507	830.600
6268	831.000
6058	831.300
6660	834.400
7010	834.400
6224	834.800
6250	835.400
6490	836.400
6446	837.800
6280	838.600
7180	838.900
6305	839.800
6746	839.800
6842	839.900
7072	841.200
6730	841.700
6980	841.900
6238	842.900
6211	844.300
6562	845.200
6076	846.000
6628	846.300
7004	848.900
6987	850.200
6383	851.100
7282	851.400
6300	852.200
6974	852.900
6230	853.300
7006	854.300
6346	855.200
6687	855.700
6489	856.700
6089	858.100
7099	866.300
6229	869.500
6746	870.300
6727	870.900
7409	871.300
7067	873.000
6971	873.200
6202	874.300
6691	874.400
7303	874.900
7131	875.200
6675	875.600
7068	876.100
7406	876.100
7173	876.300
6866	876.700
6999	876.800
6246	877.000
6608	877.200
6414	877.500
6211	877.700
6200	878.100
7161	878.100
6145	879.200
6134	880.000
6583	880.500
7108	880.700
6315	882.400
7226	883.400
6273	883.900
6752	883.900
6671	884.800
7211	885.000
6972	886.700
6419	890.100
7114	891.600
7319	892.000
6961	894.000
6939	894.600
6496	896.300
6430	896.900
6478	897.700
7124	897.900
7339	898.000
7010	898.600
6713	899.300
7079	899.300
6984	899.400
6915	899.600
6730	899.700
6638	899.800
7145	899.900
6632	900.300
7288	900.600
6040	900.700
6808	900.800
6251	901.100
6993	901.500
6328	901.800
6043	902.000
6065	908.100
6742	908.600
7413	911.200
6941	911.800
6600	913.000
6155	913.200
6505	915.100
6594	915.100
7244	915.300
6145	916.400
7298	916.600
6408	918.400
5997	919.600
6148	920.100
7104	920.600
6338	921.100
7339	921.400
7409	921.500
7248	921.900
7416	922.400
6989	922.600
7055	922.800
6705	923.000
6772	923.800
6246	925.100
7332	926.800
7230	927.900
6791	931.000
6158	931.200
6895	933.000
7035	933.100
7041	933.200
6552	933.400
7131	933.900
7190	934.800
6423	935.100
6038	935.400
6028	936.000
6446	936.200
6086	937.900
6240	939.100
7164	941.100
6983	943.800
6182	944.500
7398	944.700
6883	945.400
7316	945.400
6580	946.600
7272	947.200
7079	948.900
6921	949.600
7019	950.800
7119	951.400
6236	951.800
7024	953.600
7399	957.500
6507	958.100
6965	958.200
6496	959.800
6585	959.800
7300	963.900
6775	964.500
7270	964.700
6500	965.200
7320	965.800
6972	966.400
7344	968.000
6765	968.600
6793	970.000
6669	973.000
6008	974.300
7378	974.300
6230	975.600
7242	976.700
6118	977.800
7258	978.700
7006	978.800
7419	980.700
6045	980.900
6348	981.300
6382	981.700
7140	982.300
6524	982.800
7381	983.000
7033	983.600
7221	983.700
6690	983.800
6964	983.800
6523	984.100
7131	984.400
6423	984.700
6261	985.100
6359	985.300
7321	986.600
6452	987.000
7355	990.300
6980	993.200
6732	993.400
6940	994.000
6675	994.600
7255	995.000
6564	995.100
7305	995.600
6837	996.300
7319	997.400
6276	1002.300
7375	1002.500
6405	1003.300
6171	1006.700
6590	1008.100
7242	1008.300
6126	1008.700
6156	1008.700
5997	1009.400
6831	1009.400
7277	1009.500
6016	1009.600
6509	1009.600
6070	1010.200
6921	1011.100
6634	1011.400
6585	1011.500
6098	1011.700
6482	1011.700
7361	1011.700
6969	1012.300
6090	1014.000
6433	1014.400
6077	1014.700
7167	1015.000
7000	1017.200
7050	1018.100
7221	1018.200
6615	1018.400
6027	1018.500
6766	1019.500
6711	1020.600
6242	1020.700
6933	1021.200
6541	1022.400
6775	1023.600
6119	1024.000
7106	1024.500
6308	1025.200
7005	1025.200
6748	1026.500
6101	1026.600
7263	1027.100
6573	1027.600
7138	1029.400
6861	1029.600
6266	1030.500
6435	1030.600
7301	1030.600
6987	1030.800
7147	1031.500
6938	1032.100
7012	1032.900
7345	1033.900
7104	1034.600
6817	1035.600
6756	1036.800
6874	1040.800
7034	1041.200
7332	1041.400
7235	1045.000
7025	1046.500
6269	1046.700
6687	1047.900
7271	1047.900
6726	1048.000
6504	1049.400
6578	1050.800
7261	1051.700
6333	1053.400
6618	1054.300
6463	1055.400
6039	1057.700
7273	1059.000
6488	1060.500
7192	1062.200
6904	1064.200
6373	1064.400
7253	1067.300
6149	1067.600
7241	1070.900
6955	1071.300
7314	1071.500
6121	1071.700
6774	1072.000
7322	1072.700
6424	1072.800
6725	1073.100
6404	1073.600
6607	1073.600
6038	1073.900
6250	1073.900
6861	1073.900
6564	1074.300
6318	1074.400
6545	1074.500
7104	1074.900
6927	1075.000
7236	1075.500
7061	1075.700
6163	1076.100
6648	1076.600
7319	1076.900
6060	1077.500
6520	1077.600
6462	1077.800
7044	1077.800
7099	1078.100
7280	1078.100
7415	1078.200
6667	1078.300
6027	1078.400
6101	1078.900
6211	1079.700
7227	1080.700
6343	1080.800
7023	1081.100
6328	1082.100
7261	1082.100
6086	1082.400
6338	1083.100
6314	1084.300
6767	1088.600
6524	1089.900
6939	1090.100
6593	1091.300
6319	1091.800
7081	1093.700
6658	1094.900
5995	1095.400
7303	1095.500
6598	1099.900
6727	1100.200
6526	1100.800
6047	1100.900
6135	1102.100
6273	1102.100
7366	1102.100
6233	1102.300
7186	1102.400
6166	1102.600
7271	1102.700
6609	1102.800
6905	1103.100
6045	1106.800
6455	1106.900
6510	1107.800
6635	1108.200
6249	1108.500
6820	1109.000
7414	1109.500
6535	1110.500
6311	1110.900
6516	1110.900
7238	1110.900
6146	1111.900
6183	1112.200
6090	1114.000
7346	1115.300
7044	1116.200
7285	1117.600
6493	1117.900
6003	1118.000
6841	1118.100
6158	1118.300
6778	1119.700
6211	1120.400
6752	1120.700
6675	1120.800
6449	1121.100
6086	1122.500
6650	1122.900
6736	1123.400
6463	1126.400
6402	1127.000
7381	1128.700
7023	1131.500
7062	1131.900
7145	1132.700
6720	1133.200
6562	1133.400
6097	1134.100
6772	1134.200
7358	1135.300
6314	1137.600
6123	1139.700
6478	1141.600
6669	1143.700
6926	1145.800
6988	1146.400
7105	1146.400
6051	1146.900
6696	1147.000
6930	1147.200
6878	1147.600
7231	1147.800
6846	1149.600
6964	1149.700
6271	1150.900
6980	1151.000
6166	1151.100
6947	1154.600
6609	1155.000
7380	1158.000
6331	1159.200
6405	1159.500
6593	1162.600
6921	1165.700
7140	1165.700
6771	1166.000
6246	1166.100
6945	1166.600
7301	1166.700
6337	1166.800
6633	1166.800
6336	1167.400
7332	1167.400
6563	1167.600
6310	1167.800
6503	1167.800
6108	1168.400
7262	1171.500
6097	1172.600
6975	1173.100
6349	1173.200
6592	1173.300
7417	1174.600
5994	1174.700
6467	1176.500
6458	1179.100
6632	1179.200
6658	1180.100
6515	1180.700
7398	1182.400
6527	1184.700
6357	1187.400
7201	1188.400
6773	1189.200
6163	1190.300
7030	1191.200
7332	1191.200
7352	1191.400
7414	1191.500
6750	1191.700
7235	1192.100
6810	1192.600
7185	1192.800
6692	1193.200
6806	1196.700
6525	1197.700
6941	1198.800
6598	1199.000
6689	1200.300
6977	1201.200
6171	1201.300
7087	1201.500
7303	1201.700
6110	1201.800
6539	1201.800
6124	1201.900
6090	1202.200
6808	1202.200
7422	1202.300
6938	1202.500
6310	1202.600
6218	1202.700
7207	1202.900
6673	1203.200
6785	1203.200
6367	1203.400
7005	1203.400
7229	1203.500
6682	1204.000
7143	1204.400
7224	1206.100
6939	1209.400
7067	1210.900
6264	1212.200
6328	1212.600
6947	1214.400
7346	1216.300
6433	1217.100
6355	1217.600
6632	1218.500
6658	1220.900
6363	1221.600
7326	1222.600
6558	1222.800
6946	1223.000
6365	1223.500
7134	1223.700
6158	1224.800
6043	1224.900
7009	1226.500
6269	1230.200
6300	1231.600
6969	1231.900
6308	1232.200
6160	1232.700
6720	1233.700
7275	1234.500
6928	1234.700
6964	1235.000
6767	1235.200
6984	1236.600
6304	1236.800
6430	1237.400
6563	1237.500
6732	1237.800
6665	1238.900
6931	1240.200
7078	1241.400
5989	1242.300
6775	1242.700
6504	1243.100
6106	1244.100
6982	1244.400
6468	1244.600
5984	1245.000
6030	1245.500
7303	1246.000
6751	1246.200
7214	1246.200
6225	1246.500
6279	1247.900
7049	1252.400
6049	1253.500
6594	1253.700
7370	1253.800
6340	1255.300
6774	1256.200
7318	1256.500
6097	1256.600
6508	1256.800
7266	1256.900
6600	1257.100
6724	1257.400
7196	1257.500
7378	1264.400
7398	1265.800
6662	1266.300
6766	1266.400
6090	1269.100
6142	1270.100
6169	1270.300
7242	1270.300
6515	1270.500
6710	1272.700
6291	1272.800
6677	1272.800
7230	1274.200
6059	1277.000
6271	1278.100
6468	1281.100
6264	1282.100
6941	1282.400
6423	1282.700
7249	1283.700
7270	1286.000
6441	1286.500
6077	1286.800
6417	1287.500
6605	1287.600
7177	1287.600
7303	1289.400
7044	1290.400
6598	1290.600
6600	1291.600
6865	1292.000
6295	1292.900
7248	1293.200
6031	1293.400
6824	1294.900
6985	1294.900
7328	1295.000
6419	1296.500
7131	1297.200
6488	1298.400
6833	1299.300
6172	1299.800
7114	1300.100
6341	1300.300
6092	1300.400
6690	1300.700
7155	1300.800
6224	1301.200
6169	1302.400
6414	1303.500
7336	1303.900
7144	1304.000
6817	1304.300
7101	1304.500
7404	1306.300
7134	1307.600
6492	1308.900
7066	1309.800
6045	1309.900
6381	1309.900
6187	1310.000
6359	1310.400
7218	1311.300
7303	1311.300
7161	1312.800
7204	1313.500
6989	1314.300
6830	1316.000
7048	1317.700
7151	1317.700
6466	1320.300
7271	1320.300
6566	1321.800
7081	1321.800
6871	1322.000
7309	1322.000
6066	1322.900
6948	1323.300
6084	1323.500
6512	1323.500
6306	1324.000
6611	1324.500
6923	1326.400
6484	1327.000
6564	1327.000
6487	1328.500
7379	1328.800
6256	1330.900
6630	1331.300
6182	1332.300
7261	1332.500
6280	1332.600
6525	1332.600
6648	1333.500
6635	1335.000
6824	1336.200
6838	1336.600
6767	1338.400
6345	1338.800
6053	1339.600
7130	1340.400
6754	1342.200
6422	1342.400
6647	1344.200
7092	1346.000
6959	1347.200
6637	1347.500
6128	1348.200
6359	1348.900
7124	1351.200
6093	1352.700
6939	1352.700
6279	1353.100
7255	1353.600
7322	1353.700
6018	1353.800
6775	1354.800
6115	1356.600
6921	1357.000
6397	1357.900
7210	1360.700
7298	1361.000
6538	1361.500
7153	1361.600
7299	1361.700
6158	1362.200
6321	1362.900
6936	1364.200
7048	1364.600
6774	1365.200
7077	1365.500
6835	1365.700
7413	1365.800
6612	1367.000
7016	1367.200
7221	1368.500
6643	1370.400
6563	1370.700
6319	1371.800
6237	1374.900
6159	1377.100
6034	1377.200
6865	1377.200
6087	1378.500
5985	1380.100
6687	1381.600
6336	1384.200
7242	1388.800
6767	1390.200
6413	1392.100
7324	1392.700
6660	1393.700
6884	1393.700
6017	1393.800
6289	1395.000
6648	1395.000
6557	1395.300
6838	1396.400
6024	1397.300
6785	1397.300
7060	1397.700
6489	1398.100
6359	1398.500
6973	1399.900
6028	1400.200
6732	1400.200
6775	1400.200
6906	1401.500
6674	1402.200
6752	1402.600
6936	1404.500
7320	1405.200
7022	1405.400
7220	1406.300
7148	1406.400
6511	1407.000
6523	1407.300
7150	1407.900
7139	1408.300
6284	1409.900
7027	1410.000
6307	1411.600
6467	1412.500
6279	1412.700
6363	1413.500
7380	1416.400
6691	1416.600
6328	1417.500
6237	1420.100
6724	1420.300
6772	1420.400
6326	1421.200
7323	1421.300
6600	1421.700
7005	1422.600
6652	1423.600
7398	1424.100
7208	1424.500
7261	1425.000
6314	1425.300
7186	1425.400
5985	1425.500
6605	1425.600
6859	1426.000
6709	1426.300
7145	1426.900
6293	1427.900
7062	1427.900
6538	1429.600
6468	1431.900
6164	1433.200
6249	1434.000
6372	1434.300
7332	1436.100
7226	1436.800
6446	1437.600
6942	1438.700
6458	1438.800
6793	1439.900
6308	1440.100
6336	1440.300
6791	1440.400
7075	1440.500
6027	1440.600
6669	1441.400
6598	1441.600
7402	1441.800
6264	1442.000
6211	1442.100
7031	1442.200
6048	1442.800
6632	1443.900
6234	1444.500
6689	1446.200
7024	1446.400
7252	1446.600
6466	1447.100
6892	1448.600
6699	1449.200
6113	1449.600
6127	1456.100
6766	1457.200
7261	1458.200
6111	1458.800
6902	1466.900
6162	1467.200
6359	1468.100
7392	1468.100
6186	1468.500
7125	1469.600
6882	1470.400
7079	1470.600
6748	1472.500
6321	1472.700
6632	1472.800
6503	1472.900
6302	1473.000
6042	1473.200
6572	1473.700
6271	1474.000
6312	1474.100
6261	1474.400
6824	1474.600
6986	1474.600
6648	1474.700
7024	1478.400
6527	1482.100
6705	1483.100
6191	1484.500
6098	1485.000
7132	1488.800
6419	1492.200
6146	1493.200
6784	1493.400
6935	1494.300
6819	1495.900
6799	1496.300
7236	1498.100
