# NEST version: nest-3-microcircuit@555986536
# RecordingBackendASCII version: 2
sender	time_ms
5324	0.100
4902	4.400
5224	6.900
5196	7.000
5190	8.200
4867	9.400
5124	9.500
4947	10.000
5384	10.000
5138	10.200
5308	10.200
5232	10.300
5011	10.400
4893	10.800
5263	10.800
4970	11.000
4960	11.300
5225	11.300
5246	11.500
5323	11.700
5373	11.800
4978	11.900
5316	11.900
4928	12.200
5234	12.300
4880	12.500
5170	12.600
5265	12.600
5197	12.900
5376	12.900
5222	13.400
5287	13.500
5101	13.700
5350	13.900
4847	14.000
4853	14.300
5082	14.300
4953	14.400
5008	14.400
5109	14.400
5382	14.400
4920	14.500
5360	15.400
5022	15.600
5112	15.600
4932	16.800
5119	16.800
5093	17.100
5283	18.300
4980	18.400
5310	18.500
5068	18.600
4956	18.700
5236	18.700
5076	18.900
5320	19.000
5257	19.100
5057	19.200
4934	19.400
5048	19.500
4996	19.600
5090	20.000
5065	20.100
5353	20.100
4876	20.200
4963	20.200
5081	20.900
5087	21.200
5050	21.300
5049	21.400
5358	22.300
4901	23.000
5079	23.000
4931	24.100
4925	24.400
5077	25.400
5062	25.800
4966	26.300
4921	26.700
5312	27.000
4882	27.100
5355	27.100
5259	27.200
5127	27.300
5213	27.300
5157	27.400
5273	27.400
5372	27.900
5020	28.200
4868	29.700
5058	29.800
5031	29.900
4961	30.000
4892	30.200
5113	30.300
4933	30.500
5071	30.500
5243	30.500
5150	30.700
4928	30.800
5003	30.800
5286	30.800
5106	31.000
5252	31.000
4885	31.100
5121	31.100
5174	31.300
5210	31.300
5284	31.300
5011	31.400
4854	31.600
5044	32.000
5331	32.200
4846	32.300
5211	32.300
4930	33.000
5060	33.000
5180	33.200
4968	33.500
5335	33.500
5048	33.600
4943	34.200
4918	34.500
5151	34.600
5288	34.900
4867	35.000
4964	35.200
4966	35.200
5224	35.300
5105	35.900
5368	35.900
5147	36.100
4993	37.000
5250	37.400
5027	37.500
5091	37.700
5322	37.800
4906	38.100
4965	38.100
5028	40.600
5178	40.900
5295	40.900
5124	41.000
5208	41.100
4940	41.400
5353	41.900
5350	43.100
5272	43.300
5138	43.400
5356	43.400
4858	43.700
4876	44.500
5034	44.700
4903	44.800
5061	44.900
4869	45.000
5205	45.300
5114	45.500
5287	45.600
5274	46.300
5301	46.400
5316	46.400
4866	47.700
5019	47.800
5056	47.900
5193	47.900
5344	48.000
5075	48.100
5098	48.100
5025	48.200
5049	48.200
5268	48.200
5382	48.300
5036	48.400
5172	48.400
5314	48.400
5378	48.400
4953	48.500
5004	48.600
5278	48.600
5050	48.800
5327	49.000
5246	49.300
5079	49.800
5281	50.900
4904	51.200
4916	51.600
4961	51.600
4970	51.900
5364	52.100
5150	52.200
4922	52.600
4980	52.600
5085	52.600
5180	53.900
5282	54.100
4996	54.300
5339	54.700
5071	54.800
5244	55.400
5192	55.500
5325	55.800
4963	55.900
5126	56.000
4958	56.100
5177	56.100
5094	56.500
5013	57.800
4881	58.000
5121	58.100
5370	58.500
5189	58.800
5081	59.500
5238	59.500
5310	59.500
4912	60.000
5213	60.400
5326	60.500
5338	60.500
5352	60.500
5337	60.600
5343	61.200
5018	61.300
5097	62.000
4882	62.100
4896	62.100
5139	63.000
5062	63.400
5247	63.400
5033	63.900
5241	63.900
4853	64.400
5204	64.900
5173	65.200
5038	66.700
5151	66.900
4951	67.000
4875	67.100
5176	67.600
4915	68.100
5082	68.300
5348	68.400
5058	68.500
4981	68.600
5180	68.600
5216	68.700
5064	69.000
5386	69.100
5003	69.200
5092	69.200
5093	69.300
5355	69.400
4845	69.500
5368	69.600
5048	69.700
5285	69.800
4887	70.400
5192	70.600
4848	70.700
5060	71.000
4883	71.800
5161	71.800
5208	72.000
5047	72.200
5353	72.300
5273	72.500
5389	72.600
5163	72.700
5166	72.800
5124	73.000
4925	73.200
4980	74.500
4854	75.100
5178	75.300
5138	75.400
4865	75.500
5302	75.500
5035	75.700
4877	76.100
4932	76.100
5233	76.600
5201	76.800
4953	77.000
4959	77.000
5061	77.000
4870	77.100
5277	77.100
4921	77.300
4994	77.300
5028	77.800
5287	77.800
5363	78.300
5092	78.700
5371	79.100
4945	79.200
4852	79.500
5240	79.600
4861	79.700
5110	79.700
4949	79.900
5111	80.000
5195	80.200
5213	80.200
5272	80.400
5114	80.500
4948	80.700
5360	80.800
5244	80.900
5112	81.200
5034	81.500
5071	81.700
5150	81.700
5336	82.300
5347	82.800
5382	83.500
5278	83.900
5088	84.000
5004	84.500
5062	84.600
4930	85.800
5354	85.800
5290	86.200
5339	86.800
5057	87.000
5031	87.400
5050	87.500
5017	87.700
5023	88.300
5091	88.600
4979	89.200
5121	89.700
5221	90.600
5216	90.900
4915	91.000
5282	91.300
5105	92.100
5340	92.100
5212	92.200
4864	92.300
5006	92.300
4918	92.400
4919	92.400
5190	92.500
5127	92.800
4904	93.000
4877	93.200
4972	93.200
5356	93.400
5093	93.500
4869	93.700
5065	93.700
4963	94.600
5151	94.600
5172	94.600
4942	94.900
5096	95.200
5378	95.400
4917	95.500
5233	95.600
4950	95.700
5257	95.800
5355	95.900
4922	96.100
5213	96.100
5224	96.100
5376	96.300
5125	96.400
5338	97.000
5109	97.400
5379	97.600
5320	97.800
5007	98.300
4852	98.700
5222	99.300
5265	99.400
4967	99.800
5133	100.400
4854	100.800
5223	101.200
5106	101.800
5324	101.900
4929	102.300
5159	102.700
5230	103.000
5388	103.100
5293	103.200
4941	103.400
5044	103.400
5276	103.800
5375	104.100
4953	104.200
4926	104.400
5177	104.700
4918	104.800
5325	105.100
4989	105.300
4990	105.300
5064	105.300
5165	105.300
4980	105.800
5251	105.900
4863	106.200
5008	107.100
5220	107.100
5100	107.400
5086	107.900
5034	108.000
5058	108.600
5207	108.700
4991	109.100
4946	109.200
5370	109.400
5053	109.500
5114	109.500
5381	109.500
5266	109.700
5336	110.100
5077	111.600
5330	111.600
5055	111.700
5003	112.700
5015	112.900
4899	113.800
5105	114.400
5382	114.400
4928	114.500
4945	115.300
5033	115.300
4925	115.700
4921	115.800
5308	115.800
5185	116.400
4964	117.300
5045	117.400
5283	117.500
4959	117.700
5080	117.900
4881	118.000
4986	118.200
5343	118.200
4867	118.300
5253	118.300
5255	118.300
5254	118.600
4972	118.700
5039	118.700
5113	118.700
5299	118.700
5373	118.800
5300	118.900
4943	119.000
5071	119.100
5025	119.200
4914	119.500
4854	119.700
5174	119.700
5193	119.700
5368	120.200
4933	120.300
5126	120.300
5141	120.400
5062	120.500
5277	120.800
5252	121.000
5271	121.000
5098	121.700
4879	122.700
5208	122.800
5020	123.000
5354	123.500
4903	123.700
5091	123.700
5278	123.700
5014	124.000
5173	124.000
5175	124.400
5228	124.600
5140	125.000
4919	126.000
5118	126.100
5008	126.200
5376	126.600
5101	127.600
5238	127.800
5353	127.900
5050	128.400
5242	128.400
4993	128.800
5155	129.200
4944	129.600
5068	129.700
5292	130.000
5201	130.100
5340	130.100
5210	130.800
4912	131.000
4852	131.300
4939	131.300
5012	131.400
5190	132.000
5112	132.100
5233	133.900
4980	134.600
5224	134.800
5311	135.000
4890	135.200
5092	135.500
5017	135.700
5200	136.300
5186	137.000
5266	137.100
4918	137.400
5279	137.400
5013	137.600
5168	137.600
4909	137.700
5281	137.700
4869	137.800
5192	138.200
4990	138.400
4900	138.700
5004	138.800
5093	138.800
5081	139.300
5106	139.800
5018	140.300
4882	140.600
4985	140.600
5058	140.800
5274	140.900
4854	141.900
5374	141.900
5373	142.000
4867	142.300
4922	142.300
4929	142.300
5326	142.300
4897	142.500
5364	142.500
5386	142.600
5153	142.800
5338	142.900
5312	143.100
5124	143.300
5163	143.300
5177	143.400
4949	143.500
5011	143.900
4932	144.300
5330	144.300
5091	145.500
4994	145.900
4958	146.400
5088	146.700
5335	147.500
5293	147.600
5204	147.800
5208	147.900
4863	148.100
5189	148.300
5221	148.800
4940	149.300
4950	149.400
5147	149.700
5334	150.200
4953	150.400
5322	150.400
5105	150.500
5240	150.600
5117	150.800
5227	150.900
4903	151.200
4899	151.300
5034	152.000
5354	152.000
5029	152.200
5363	152.200
4951	152.700
5055	152.900
5218	153.300
5295	153.400
5065	153.900
5071	153.900
5150	154.400
4996	154.500
5002	154.700
5353	155.100
5382	155.400
5325	156.200
5357	156.400
5345	157.100
4882	157.500
5340	157.500
5290	157.800
5088	158.100
5243	158.100
5254	158.100
4846	158.400
4972	158.500
5128	158.500
5348	158.700
5154	158.800
5192	158.800
4924	159.600
5302	160.000
4862	160.400
5271	160.400
5165	160.500
5301	160.500
4944	160.600
5304	160.600
5121	160.700
4933	160.900
5144	160.900
5370	160.900
4922	161.000
5110	161.000
5087	161.500
5013	161.600
5220	161.600
5079	161.700
4997	161.800
5034	162.100
5247	162.500
5351	163.000
5076	163.400
5055	163.600
4906	164.000
5022	164.200
5259	164.600
5025	164.800
5136	165.100
5216	165.100
5353	166.000
4968	166.500
5061	167.200
5024	167.600
4985	168.100
5299	168.100
5163	168.300
5059	169.100
5027	169.400
4979	169.900
5269	170.000
5053	170.100
4873	170.200
4983	170.200
4943	170.300
5020	170.300
5038	170.800
5285	170.900
4843	171.000
4965	171.300
5077	171.800
5137	171.800
5211	172.000
5124	172.800
5039	173.300
5122	173.300
5213	173.400
4976	174.000
5201	174.000
5278	174.000
5001	175.000
5081	176.100
5331	177.000
5175	177.200
5161	177.500
4942	177.700
5006	178.200
5242	178.300
5224	178.400
5383	178.600
4962	178.700
4947	178.900
5095	179.200
5355	179.200
5220	180.100
5120	180.200
4912	180.700
5259	180.800
4892	180.900
5347	180.900
5004	181.200
4961	181.400
5356	181.400
5368	181.400
5084	181.500
5111	181.600
4848	182.000
5265	182.000
5217	182.100
5115	182.500
5205	183.800
5373	183.800
5168	184.200
4872	184.500
5151	184.600
5338	184.600
4908	184.900
5126	184.900
4913	185.000
5147	185.000
5098	185.200
4914	185.300
5153	185.300
5310	185.500
5346	186.100
5252	186.800
5202	187.000
5091	187.100
5065	187.200
4847	188.200
5376	188.600
4976	189.700
5186	191.100
5189	191.300
5379	191.500
5096	191.600
5017	191.800
4882	191.900
5294	191.900
4943	192.100
4928	192.300
4945	192.400
4903	192.500
5000	192.500
5288	192.900
5192	193.300
5048	193.900
5378	193.900
5204	194.200
5109	194.400
4915	194.700
5201	194.800
4859	194.900
5081	194.900
5062	195.000
5161	195.000
5315	195.000
5336	195.200
5060	195.300
5101	195.300
5075	195.800
5220	195.800
5030	195.900
5117	196.100
5084	196.200
5182	196.500
5019	196.700
5079	196.700
4990	196.900
5285	197.200
5202	198.100
4957	198.200
5302	198.300
5248	198.500
4888	199.100
4993	199.200
4921	199.700
5386	199.700
4935	199.900
5364	199.900
5135	200.200
4873	200.300
4987	200.300
5222	200.400
4854	200.500
4995	200.500
4867	200.600
5140	202.600
5362	202.700
5283	202.800
4937	203.000
5159	203.100
5238	203.200
5354	204.800
4892	206.100
5191	206.400
5091	206.800
5201	207.000
5022	207.100
5072	207.100
5179	207.100
5259	207.200
4922	207.300
5251	207.300
5180	207.400
5136	207.600
5138	207.700
4911	207.900
5273	207.900
4881	208.000
5278	208.100
5114	209.200
5242	209.400
5381	209.700
5007	209.800
5051	209.800
5339	209.900
4879	210.100
5013	210.100
5047	210.300
5341	210.600
5304	211.000
5011	211.300
5294	211.300
5213	211.800
5101	212.100
5281	212.200
4953	212.300
5295	212.700
5352	212.800
5361	213.000
5320	213.500
5044	213.600
5150	214.700
4909	214.900
4908	215.000
5331	215.700
5382	216.700
5229	217.300
4882	217.400
4906	217.700
4943	217.800
5111	217.800
5134	218.000
5077	218.300
5075	218.600
5306	219.200
4899	219.400
5175	219.500
4858	219.700
5373	219.900
5258	220.400
4847	220.500
5112	221.900
5282	222.200
5220	222.700
5133	222.900
5048	223.100
4864	223.200
5011	223.200
5089	223.200
4980	223.400
5184	223.500
5315	223.500
4993	223.700
5017	223.700
5101	223.700
5190	223.800
5277	223.800
5038	223.900
5058	223.900
5355	223.900
5102	224.100
5353	224.100
5015	224.200
5033	224.200
5097	224.200
5364	224.200
5221	224.400
5257	224.400
5248	224.500
5070	224.600
5347	224.600
5333	226.400
5145	228.900
4918	229.200
5113	229.600
5185	229.700
5043	230.100
5153	230.100
5020	231.000
5283	231.100
4854	231.300
4917	231.900
5124	232.000
5339	232.000
4965	232.100
5118	232.200
4894	232.300
5108	232.600
5252	232.900
4872	233.200
4970	233.200
4852	233.400
5159	233.600
4865	233.900
5208	233.900
5201	234.300
5211	234.300
5061	234.400
4925	234.500
5014	235.200
5091	236.600
5016	236.700
4933	236.800
5023	237.100
5287	237.200
5378	237.800
5119	238.400
5050	238.700
5257	238.700
5230	239.000
5093	239.900
4986	240.200
5003	240.300
5121	240.400
5338	240.400
4884	241.200
5278	241.200
5288	241.400
5192	241.700
4968	241.800
4938	241.900
5099	242.100
5266	242.100
5056	242.200
5360	242.200
4863	242.400
5350	243.100
4880	243.500
5213	243.700
5356	244.100
4903	244.400
5295	244.400
5012	244.500
4892	244.600
5114	244.700
5364	244.800
5222	244.900
5227	244.900
5157	245.100
4850	245.300
5254	245.300
5388	245.300
4992	245.400
4882	245.500
5128	245.800
5151	245.800
4929	245.900
5047	245.900
5071	246.400
4862	246.800
5259	246.800
5060	247.500
5353	247.500
5082	247.600
5179	247.700
5104	248.000
4932	248.100
5340	248.300
5377	249.900
5290	250.800
5238	251.600
5081	252.400
5233	252.500
4848	252.800
5088	253.500
4871	254.000
5062	254.000
5006	254.400
4919	254.500
5373	254.500
5055	254.700
4904	254.800
5165	255.100
5256	255.100
4925	255.200
4874	255.300
4963	255.300
5336	255.900
5313	256.900
5033	257.100
4922	257.400
4931	257.700
5014	258.200
5229	258.300
5125	258.600
4891	259.000
4852	259.100
5106	259.500
5241	259.600
5285	259.600
4918	259.700
5036	259.700
4991	259.900
5242	259.900
4953	260.100
5017	260.100
5080	260.100
5337	260.100
5029	260.200
5060	260.300
5124	260.300
4854	260.600
5220	260.600
4998	260.700
4983	260.800
5092	260.800
4951	260.900
5331	261.100
5053	261.200
5335	261.200
5363	261.400
4894	261.800
5093	261.800
5364	262.100
4892	262.300
5222	262.300
5389	262.300
4909	262.500
5368	262.500
5158	262.700
5105	263.000
5252	263.400
4948	263.500
5069	263.500
4932	263.900
4921	264.100
5011	264.300
5019	265.900
5198	266.200
4882	266.700
4942	266.700
5144	266.900
5312	266.900
4939	267.100
5213	267.900
5310	268.300
5247	269.500
4935	269.600
4945	270.100
4958	270.400
5293	271.600
4864	272.400
4869	272.700
5224	273.200
5048	274.100
5278	275.200
5088	275.700
4843	275.800
5111	275.900
5135	275.900
5276	276.300
5385	276.300
4849	276.400
5304	276.600
4873	276.700
4847	276.900
4911	276.900
5036	276.900
4979	277.000
5307	277.000
4959	277.100
5047	277.100
5179	277.200
5262	277.200
5280	277.200
5290	277.400
5257	277.500
5061	277.600
5328	277.600
5071	277.700
5121	277.700
5220	277.700
4964	277.800
5011	277.900
4858	278.000
5383	278.100
5336	278.200
5005	278.400
5058	278.400
4983	278.700
5117	278.700
4862	278.800
5035	278.800
5143	278.800
5226	280.000
5050	280.100
5347	280.600
5098	280.800
5382	280.900
4918	281.700
4996	282.000
5137	282.600
5145	282.600
5250	282.600
5339	282.600
5031	282.800
5056	283.600
5296	283.900
4848	284.000
4888	284.200
5094	284.300
5223	284.300
4967	284.500
5240	284.500
5282	284.800
5352	284.900
5325	285.000
5371	285.800
4870	286.500
5211	287.200
5160	287.600
5106	287.800
5055	289.200
4980	290.200
5126	290.200
5213	290.500
5033	290.700
5334	290.800
5128	291.000
4946	291.500
4942	292.000
5220	292.000
4993	292.300
5326	292.300
4936	293.300
5246	293.500
4865	293.700
5278	294.200
5060	294.400
5061	294.400
5203	294.400
4887	294.600
5228	294.600
5068	294.800
5242	294.800
5365	294.800
5350	294.900
4999	295.100
4933	295.300
5286	295.400
5038	295.700
5370	296.300
5013	296.500
5081	296.500
5282	296.500
5031	296.700
5093	296.700
5104	296.800
4935	297.300
5089	298.100
5331	300.100
5375	300.200
4968	300.500
5301	300.800
5252	300.900
5355	301.100
4926	301.800
5376	301.800
4959	302.100
5086	302.400
5041	302.500
5238	302.500
5271	302.700
4919	303.300
5253	303.300
4856	303.900
5070	304.100
4987	304.200
5092	304.300
4912	304.500
5110	304.500
5264	304.500
4961	304.700
4982	304.700
4997	304.700
4991	305.800
4990	305.900
5259	306.300
4914	306.500
5195	306.600
4845	306.800
4848	307.000
4913	307.100
5007	307.700
5201	307.700
5125	308.000
4854	308.200
5265	308.200
5084	308.300
5254	308.300
5186	308.900
4998	309.000
5088	309.300
5364	309.400
5022	309.500
5193	309.700
4882	310.100
5112	310.400
5353	310.900
5055	311.200
4894	311.300
5361	311.300
5382	311.400
4844	311.600
5014	311.600
5290	311.700
5310	311.900
5384	311.900
5378	312.100
5323	312.400
5226	313.000
5336	313.600
4918	314.700
5373	314.700
4872	314.900
4858	315.200
5249	315.400
5116	315.700
5273	315.700
4888	316.000
4899	316.500
5242	317.600
4876	317.800
5248	317.900
5199	318.100
5104	319.200
5105	319.400
5192	319.400
5325	319.400
4945	319.900
5079	320.100
5274	320.100
5061	320.300
4919	320.400
5309	320.500
5185	320.900
4843	321.000
5379	321.100
4927	321.200
4892	321.500
5078	321.800
5194	322.200
5232	322.800
5208	323.000
4860	323.900
5003	324.100
5036	324.300
5266	324.300
4913	324.400
5112	324.900
5179	325.300
5001	325.400
5383	325.600
5304	325.700
5039	325.800
4969	325.900
4972	325.900
5376	325.900
5053	326.000
5330	326.000
4990	326.200
5178	326.200
4847	326.600
5342	327.100
5033	327.300
5278	328.500
5265	329.000
5347	329.200
4871	329.500
5314	329.700
4906	330.200
5135	330.300
5203	330.400
4967	330.500
5027	330.700
4853	330.800
5157	330.800
4961	330.900
4980	331.000
5050	331.100
4981	331.200
5373	331.200
5024	331.700
5076	331.700
5140	331.700
4997	332.300
5038	332.400
5073	332.800
5138	332.800
5062	333.300
5168	333.500
4895	334.000
5283	334.800
5355	334.900
4936	335.400
5272	336.000
5257	337.600
5091	337.700
4953	338.500
5246	338.600
5252	339.000
4915	339.300
5275	339.400
5114	340.100
5353	340.100
5012	340.600
5085	340.600
4929	340.700
5240	340.800
5313	341.400
4983	341.500
5071	341.600
5363	341.600
4901	341.700
4938	341.700
5331	341.700
4939	342.000
5011	342.000
5339	342.100
4995	342.400
4918	342.600
5088	342.600
5064	343.000
5340	343.300
4844	343.400
4996	343.400
5047	343.800
4862	344.700
5347	344.900
4932	345.100
5121	345.100
4991	345.300
5002	345.300
5201	345.400
4963	345.500
4999	346.200
5062	346.800
5222	347.000
4930	347.400
5236	347.500
4943	347.800
4843	348.000
5323	348.000
4919	348.100
4942	349.100
4958	349.500
5271	349.700
5155	349.800
4990	350.000
5150	350.100
4993	350.200
5344	350.200
4848	350.600
5092	350.600
5368	350.900
5220	351.000
5068	351.200
4921	351.300
5262	351.600
5278	351.600
5193	351.700
5013	351.900
5160	351.900
4980	352.000
5373	352.100
5224	352.400
4846	352.600
5038	353.100
4935	353.400
5098	353.600
5035	353.800
5030	354.200
5048	354.200
5166	354.300
5020	355.500
5286	356.000
5008	356.100
5065	356.100
5022	357.100
5183	357.800
4984	358.100
5257	358.300
5290	359.000
4912	359.100
4858	359.400
4997	359.900
5140	359.900
5170	359.900
4917	360.200
4945	360.300
4916	360.500
5058	361.600
4873	361.700
5075	361.900
5266	361.900
5053	362.000
5079	362.000
5122	362.100
5233	362.200
5364	363.000
5201	363.400
5383	364.000
5018	364.100
5211	365.100
4918	365.400
5077	365.400
4867	365.900
5305	366.000
4942	366.100
5027	366.200
5263	366.200
5354	366.200
4968	366.400
4934	366.600
5084	366.900
5242	367.200
5301	367.300
5381	368.200
5261	368.300
5081	368.400
4908	368.500
5252	368.500
5088	369.100
5093	369.100
5355	369.100
4863	369.200
5276	369.800
5112	370.200
5259	370.400
5283	370.700
4883	370.800
5179	370.800
5285	371.100
5310	371.600
5019	372.100
5352	372.100
5117	372.400
5047	372.900
4913	373.100
4931	373.600
5121	373.600
5320	373.800
4909	374.400
5347	374.400
5029	374.900
5150	374.900
5012	375.000
4961	375.300
5292	375.400
5363	375.500
4862	375.700
5165	376.300
5098	376.500
4967	376.800
5091	377.200
5296	377.400
5258	377.900
4888	378.600
5226	379.100
5382	379.100
5274	379.800
5106	380.400
5062	380.500
4893	380.600
5069	380.700
4959	381.300
5175	381.300
5203	381.600
5254	382.100
5006	382.500
5384	382.700
4960	383.000
4919	383.300
5253	383.700
4892	384.100
4958	385.100
5040	385.200
4855	385.500
4977	385.600
4847	385.800
5246	385.800
5367	385.900
5250	386.300
5219	386.400
5151	386.900
5037	387.100
5280	387.100
4852	387.500
5159	387.800
5084	388.200
4932	388.400
5282	388.600
5353	388.700
4943	388.900
5081	389.000
4882	389.200
5236	389.400
4883	389.600
4980	390.400
5293	390.400
5329	390.400
5361	390.400
5056	390.500
5270	390.500
4940	390.600
5033	390.600
5230	390.800
5350	390.900
5183	391.000
4993	391.300
5071	391.400
5142	391.600
5364	391.600
5049	391.700
5326	391.800
5058	392.000
5124	392.100
4844	392.600
5060	392.600
5116	393.000
5178	393.000
5187	393.000
4930	393.100
5238	393.100
4875	393.300
5186	394.000
5331	395.200
4933	395.300
5259	395.900
5255	396.100
4888	396.300
5061	396.400
5038	396.600
5133	396.900
5223	397.000
4887	397.400
5352	397.600
5106	398.700
5013	399.400
4881	400.400
4980	401.000
4925	401.100
5180	401.400
5037	401.600
5092	401.800
5065	402.000
4945	402.100
5304	402.300
5213	402.500
5278	402.500
4909	403.100
5198	403.100
4845	403.300
4918	404.300
4990	404.400
4958	404.800
4854	404.900
5022	405.000
5033	405.200
4917	405.300
5212	405.300
5226	405.300
4912	405.500
5202	405.500
5201	405.700
5249	405.800
5048	405.900
5310	406.000
5292	406.300
5254	407.400
5034	407.500
5388	407.700
4950	408.000
5379	408.400
4943	409.100
5014	409.100
5328	409.600
5008	409.700
5117	409.700
5195	409.900
5303	409.900
5252	410.000
4859	410.500
5100	410.500
4959	410.600
5025	410.600
5372	411.000
5211	411.500
5236	411.500
5061	411.700
5140	412.000
5050	412.200
5165	412.200
5224	412.400
5186	412.500
4951	412.600
5285	412.600
4963	412.700
4853	412.900
5001	412.900
5246	413.100
4953	413.700
5058	414.500
5192	414.500
5036	415.200
5056	415.500
5251	415.600
5175	415.700
4980	416.100
5178	416.200
5044	416.500
5166	416.600
5335	416.700
5220	417.800
5353	418.500
5233	418.800
5340	419.500
4905	419.800
5006	420.400
5363	420.700
5322	421.100
5290	421.300
5053	421.400
5002	421.500
5204	421.500
5354	421.900
5201	422.500
5018	422.800
5150	423.000
5024	423.400
5338	423.700
5373	423.700
4942	424.300
4929	424.500
4921	425.100
5265	425.300
5271	425.700
5069	425.900
5081	425.900
5161	426.300
5157	426.500
4885	426.700
5005	426.900
5308	427.200
5329	427.200
5073	427.400
5273	427.400
5225	427.500
5244	427.600
5285	427.600
5324	427.600
4960	427.700
5003	427.800
5138	427.800
5304	427.800
4843	428.200
4936	428.200
5242	428.800
5376	428.900
5309	429.000
4964	429.700
5211	430.200
5176	430.600
5314	430.700
5255	431.500
5077	432.100
5098	432.300
5229	432.400
5331	432.500
4920	432.600
4985	432.700
5106	432.700
4903	433.000
5179	434.400
5296	434.600
5252	435.500
4972	436.000
5050	436.000
5352	436.100
4899	436.200
5040	436.200
5048	436.300
4913	436.700
5197	436.800
5219	437.200
4844	437.300
5276	438.100
5319	438.200
5267	438.400
5037	438.600
4934	438.800
5012	439.000
5301	439.000
5143	439.100
5192	439.200
4981	439.300
4914	439.400
5121	439.400
5196	439.500
5382	439.500
5358	439.800
5278	439.900
5304	440.900
5124	441.600
5184	441.800
5047	442.000
4863	442.100
5027	442.200
5299	442.200
4882	442.300
4943	442.300
4872	442.600
5240	442.600
5383	442.700
5353	443.300
5293	443.500
5006	443.800
5079	445.500
5373	445.700
4868	446.200
4865	447.200
5258	447.300
4864	447.400
5351	448.200
5271	448.400
5253	448.800
5182	448.900
4967	449.500
5187	449.500
5312	449.600
5030	449.700
5349	449.700
4854	449.900
5144	449.900
5340	450.400
4898	450.700
5225	450.800
4953	451.100
5165	451.600
5323	451.600
5338	451.900
4944	452.100
5022	452.300
5261	452.400
5371	452.900
5260	453.100
5249	453.300
5384	453.400
4911	453.500
5093	453.500
4921	453.600
5061	453.800
5205	455.600
4912	456.000
5008	456.300
5387	456.600
4962	456.700
4850	457.200
5095	457.600
4926	457.700
5098	457.800
5177	458.000
5381	458.000
5208	458.200
5363	458.300
4960	458.600
5377	458.600
4954	459.000
5078	459.100
5111	459.100
5266	459.100
5081	459.200
5272	459.800
5211	459.900
5169	460.200
4856	460.400
5125	460.600
5042	461.100
4880	461.200
4932	461.200
5149	461.500
4904	461.600
5257	461.600
5033	462.100
5056	462.200
5374	462.200
4945	462.400
4981	462.400
5064	462.700
5166	463.200
4936	463.300
5013	463.600
5150	463.800
5283	463.800
4948	464.900
4929	465.000
5331	465.300
5049	465.500
5197	465.500
5053	466.200
4980	466.500
4848	466.900
4933	467.500
5127	467.600
5235	467.600
4844	467.800
5376	467.900
5204	468.000
5012	468.200
5295	468.200
5246	468.700
5373	469.500
5384	470.500
4930	470.600
5122	470.900
5093	471.000
5111	471.600
4926	472.100
4867	472.300
5019	472.400
5263	472.800
4973	473.000
4915	473.100
5029	473.200
5389	473.200
4865	473.300
4982	473.400
4985	473.500
5327	473.500
4938	473.800
5201	473.900
4959	474.000
4873	474.300
5257	474.400
5236	474.700
4890	474.800
5247	474.900
4943	475.200
5159	475.400
5310	475.400
5068	475.600
4995	475.800
5081	476.600
5349	477.200
5161	478.000
5011	478.200
5174	478.300
5205	478.800
4949	478.900
5138	479.000
5055	479.200
4972	479.500
4921	479.600
5360	480.200
4992	480.400
5054	480.500
4876	481.500
5109	481.700
5240	481.700
5338	481.800
5088	481.900
5124	482.300
5117	482.400
5246	482.600
5070	483.100
4881	483.300
5255	484.000
5278	484.000
5065	484.100
5060	484.200
4903	484.300
5218	484.500
5048	484.600
5208	485.100
5037	486.100
4955	486.300
5226	486.400
5045	486.500
5343	486.700
5248	487.200
5219	487.400
4981	487.700
5195	488.100
5044	488.200
5180	488.300
5350	488.500
5144	488.700
5332	488.700
5005	488.900
5280	489.300
5340	489.700
4869	492.500
5361	492.600
5154	493.200
5371	493.300
5379	493.300
4909	493.600
5077	493.600
4882	493.900
4911	493.900
5022	494.100
5222	494.100
4939	494.300
4997	494.300
5064	494.400
5102	494.400
5062	494.600
5210	494.600
4918	494.700
5293	494.700
5314	494.700
5006	494.800
5285	494.900
5381	495.000
5336	496.400
5106	497.100
5276	497.500
4853	497.600
5020	498.000
4875	498.100
5220	498.200
5058	498.300
5208	498.800
5216	499.100
4903	500.100
5095	500.100
5174	500.100
5105	500.200
4987	500.600
5033	500.600
5277	501.900
5290	502.200
5382	502.500
5119	503.100
5110	503.400
4961	503.600
5355	503.700
4919	503.800
5254	504.100
4917	504.200
5234	504.300
5351	504.300
5121	504.600
5053	505.000
5151	505.500
5244	505.500
4950	505.600
5282	505.700
5377	505.700
5002	505.900
5368	505.900
5249	506.000
4990	506.100
5242	506.200
5045	506.300
4854	506.600
5165	506.600
4999	506.700
5042	506.900
5288	507.000
5312	507.100
5337	507.200
4848	507.300
5354	507.600
4965	507.700
5044	507.700
4843	507.800
5274	508.200
4904	508.500
5138	508.800
5163	509.000
4971	509.100
4942	509.200
4977	509.700
5175	511.700
4844	512.000
5050	512.900
5364	513.200
4932	514.800
5147	514.800
5036	515.100
5071	515.600
5159	515.600
5252	515.900
4864	516.300
5077	516.300
5193	516.300
5201	516.400
4867	516.500
5223	516.600
4934	517.200
4879	518.000
5328	518.400
5061	518.600
5276	518.900
5025	519.200
5031	519.200
5236	519.200
4959	519.300
5238	519.300
4929	519.400
5179	519.500
4980	519.800
5301	519.800
5177	519.900
4843	520.200
5092	520.300
5211	520.500
5233	520.500
5297	520.500
4953	520.800
5081	521.000
4881	521.300
4887	521.700
5339	521.900
5098	522.000
5207	522.500
5283	522.800
5055	523.700
5192	523.800
5151	524.000
5204	524.200
5255	525.100
5064	525.300
4914	525.700
5035	525.800
5294	525.900
5082	526.000
5174	526.100
4921	526.600
4912	526.700
5007	526.800
4951	526.900
4985	526.900
5084	526.900
5044	527.000
5065	527.000
5180	527.200
5220	527.300
5017	527.400
5352	527.600
5038	528.500
5350	528.700
5331	528.800
5281	529.700
5093	530.200
5033	530.400
4882	530.500
4987	531.400
5124	531.500
5203	531.700
4926	531.900
5248	532.000
4983	532.200
5345	532.400
5326	532.700
5263	532.900
5013	533.300
5062	533.500
5009	533.800
4919	534.500
4892	535.200
5058	536.000
4943	536.400
5195	536.800
5161	537.100
5117	537.200
4848	537.300
4904	537.600
4933	537.600
5323	537.700
5145	537.800
5253	538.000
5370	538.000
5221	538.100
5215	538.600
5092	538.700
4980	539.100
5240	539.100
4850	539.300
4859	539.300
4997	539.400
5384	539.500
5150	539.700
5126	540.200
5285	540.700
4995	541.500
5078	542.200
5210	542.500
5207	542.700
4942	542.800
4849	542.900
5175	542.900
5361	543.200
5174	543.400
4878	543.500
5349	544.400
4936	545.100
5236	545.400
4918	545.600
4948	545.600
5208	545.700
5000	546.400
5109	546.700
5048	546.800
5278	546.800
5089	547.300
4845	548.000
5257	548.200
5373	548.400
4925	548.500
5250	548.600
5020	548.800
5105	548.900
4964	549.700
5186	550.000
4940	550.300
5027	550.300
5368	551.000
4890	551.200
4905	551.400
5166	551.600
5326	551.600
5223	551.700
5308	552.100
5040	552.200
5218	552.200
4986	552.500
5271	552.500
4876	552.700
5260	552.900
5288	552.900
5007	553.000
5029	553.000
4972	553.200
5025	553.300
5062	553.300
5116	553.300
5107	553.400
5301	553.500
5290	553.600
5252	553.700
5353	554.700
5030	555.100
5267	555.300
5225	555.400
5143	555.500
4912	555.900
5339	555.900
4931	556.200
4885	556.300
4990	556.500
4843	556.900
4870	557.200
5055	557.200
4869	558.600
4865	558.700
4937	558.800
4991	558.800
5053	559.400
4848	559.500
5382	559.500
5282	559.600
5242	559.700
4950	561.100
5266	561.200
5302	562.300
4959	562.400
4943	562.500
5319	562.600
5355	562.700
4904	562.900
5185	562.900
5320	563.200
5371	563.600
4867	564.100
5006	564.800
5295	565.200
5069	565.800
4854	565.900
4906	566.000
5135	566.500
4932	566.900
5381	567.000
4938	567.600
5112	567.700
5354	567.800
5333	568.200
5108	568.400
5240	568.400
5031	568.500
5038	568.700
5370	569.000
4976	569.100
4968	569.700
5099	569.700
5011	570.300
5162	570.700
5261	571.000
4989	571.200
5205	572.000
4963	572.500
5283	572.700
5037	572.800
5348	572.900
5372	573.200
5293	573.300
4965	573.800
5012	573.800
4994	573.900
5092	574.100
4933	574.500
5114	574.500
5376	574.500
4952	574.900
5015	575.000
5373	575.300
5050	575.400
4985	576.100
5377	576.100
4939	576.300
4978	576.300
4995	576.400
5197	576.600
5338	577.500
5151	577.700
5147	577.800
5193	577.900
5194	577.900
5097	578.100
5211	578.100
5071	578.300
5238	578.400
4885	578.500
5077	578.600
5254	578.600
4900	579.000
5310	579.000
5383	579.200
5060	579.300
5290	579.500
5098	581.300
5001	581.600
4882	582.000
5100	582.000
5048	582.100
4846	582.500
5121	583.500
4925	584.100
5208	584.500
5143	585.300
5241	585.300
5013	585.400
5019	585.800
5186	585.800
5368	585.800
5235	586.200
5249	587.200
4862	588.400
5201	588.600
5216	588.800
5176	589.000
5192	589.200
5020	589.400
4929	589.700
5220	590.000
4874	590.300
5183	590.300
5265	590.900
5061	591.300
5156	591.300
5340	591.300
5353	591.800
4880	592.000
5189	592.000
5055	592.200
4852	592.700
5310	592.700
5106	592.800
4918	593.100
5226	593.200
5175	593.300
5339	593.300
5271	593.400
5247	593.500
4997	593.600
5151	593.700
5203	593.700
4843	593.800
5296	594.000
4979	594.300
5084	594.900
5093	595.000
5040	595.100
5035	595.200
5128	595.500
4972	595.800
4865	595.900
4899	596.100
5211	596.200
4859	596.500
5302	597.000
4983	597.400
5377	597.400
5381	597.500
5062	597.700
5280	597.700
5089	597.800
5304	597.900
4919	598.200
4878	598.300
4993	598.400
5048	598.400
4937	598.600
4974	598.800
5069	598.900
4894	599.000
5276	599.400
5389	600.400
5355	601.700
4863	601.800
4883	602.200
4999	602.400
5278	602.600
5050	603.200
5081	605.500
5373	605.700
4922	605.900
5210	606.400
4941	606.600
4915	606.800
5277	607.700
5235	607.800
4928	608.000
5094	608.200
4882	609.000
5097	609.000
5030	609.400
5008	609.800
5341	609.800
4884	610.000
4892	610.000
4908	610.100
4905	610.300
4845	610.400
4990	610.400
5109	610.400
5174	610.500
5026	610.800
5364	610.800
5142	610.900
5259	610.900
5208	611.000
5314	611.000
5101	611.400
5383	611.600
5227	613.100
5038	613.300
4917	613.400
5370	613.800
4852	614.000
5248	614.100
5374	614.100
5301	614.300
5321	614.400
5092	614.700
5093	614.700
5285	614.700
5053	614.800
5140	614.800
5034	614.900
5339	615.100
5215	615.300
5252	615.500
5151	616.400
5012	616.500
5191	616.600
5200	616.900
5305	617.400
5091	617.900
5029	618.100
5146	618.600
5201	618.800
5233	619.100
5105	619.800
5000	620.100
5150	620.400
5363	621.400
4886	621.700
5065	622.000
4924	622.100
4925	622.400
4880	623.200
5176	623.400
4986	623.500
4993	623.700
5019	623.800
4951	624.000
5236	624.100
4996	624.200
4981	624.800
4985	624.800
4969	624.900
5013	624.900
5050	625.100
5049	625.200
5069	625.300
5251	625.300
5186	625.400
5331	625.700
5145	625.900
5353	626.000
4845	626.700
5296	627.300
5055	627.700
4980	627.900
4856	628.000
5347	628.000
5338	628.400
5352	628.500
5035	628.800
5278	628.800
4859	628.900
5192	628.900
4995	629.000
5036	630.000
4888	630.200
5273	630.200
5161	630.900
5061	631.400
4873	631.500
4896	631.900
4874	632.100
4938	632.200
5137	632.200
5229	632.200
5367	632.200
5112	632.400
5238	632.400
5304	632.700
5290	632.900
5365	633.100
5336	633.300
5255	633.400
5235	633.500
5048	634.100
5350	634.500
5226	634.600
5183	635.100
5219	635.800
5056	637.600
5276	637.700
5384	637.700
5323	637.900
4990	638.000
5057	638.000
5143	638.200
4876	638.300
5011	638.600
4862	638.700
4932	638.700
5180	639.300
5340	639.800
4996	640.000
5295	640.200
5387	640.700
4997	641.500
4858	641.800
5018	642.200
4943	642.300
5211	642.600
5303	642.600
5022	642.800
5360	642.800
5368	642.800
4892	643.000
4978	643.000
5150	643.000
5187	643.000
5138	643.100
5191	643.300
5038	643.700
5084	645.000
4867	645.100
5242	645.300
4980	646.200
5062	646.600
5098	646.700
5373	646.700
5290	647.300
4970	647.400
5285	647.500
4967	647.600
4847	647.900
5246	648.000
5053	648.100
5208	648.200
4854	648.300
5125	648.300
5221	648.300
4882	648.400
5020	648.700
5327	649.000
5052	649.100
5064	649.200
4904	649.500
4918	649.600
5006	649.900
5142	650.300
4903	650.600
5151	650.700
5043	651.100
5160	651.400
5244	651.400
5326	651.400
4852	651.800
5114	652.100
5288	652.200
4919	653.400
5105	653.400
5331	655.100
4942	656.000
5092	656.200
5335	656.700
5058	657.100
5325	657.100
5379	657.400
4922	657.500
5364	657.500
5280	657.700
5330	657.900
5093	658.000
4848	658.100
4937	658.300
5033	658.300
5135	658.500
5013	659.100
5338	659.800
5014	659.900
4890	660.600
5055	660.900
5271	660.900
5150	661.300
5263	661.400
5038	661.500
5088	662.000
5213	662.100
4858	662.200
5277	662.200
5027	663.000
5194	663.200
5389	663.800
4964	664.200
5232	664.200
5265	664.700
5160	664.900
4888	665.200
4938	665.800
5242	665.800
5067	666.000
5248	667.100
5168	667.200
5188	667.700
5308	668.100
5175	668.400
4920	668.500
4994	668.500
5062	668.700
4855	668.800
5240	668.900
5000	669.100
5283	669.100
5019	669.200
5238	669.200
5383	669.200
5251	669.500
5264	669.700
5222	670.000
5320	670.300
5070	670.800
5143	671.700
4999	671.800
5112	672.000
5030	672.100
5023	672.700
4973	672.900
4845	673.300
5220	673.700
5119	673.900
5373	673.900
5187	674.200
5050	674.600
5068	674.600
5098	674.600
5065	675.200
5252	675.400
5250	676.000
5199	677.800
5178	677.900
4914	678.100
5055	678.100
5257	678.300
5140	678.400
5267	678.800
4925	678.900
5104	679.100
5193	679.100
4884	679.200
4848	679.500
4911	679.500
5378	679.700
5353	680.000
4943	680.400
5038	680.700
5182	682.200
5213	682.300
4857	682.500
4844	682.800
4919	683.000
5301	683.100
5035	683.200
4858	683.300
5151	683.300
5271	683.300
5264	683.400
5075	683.600
5111	683.600
5160	683.800
5228	683.900
5020	684.000
5238	684.500
5352	684.900
5249	685.300
5201	685.500
5334	685.600
4991	685.800
5007	685.900
4865	686.200
5093	686.300
5276	686.500
5225	687.000
5118	687.500
4993	687.800
5115	688.100
5336	688.800
5069	689.000
5275	689.800
4883	690.300
5292	690.300
5218	690.500
4874	690.600
5079	690.600
5220	690.700
4890	690.900
5355	691.000
5128	691.200
5320	691.200
4912	691.400
5344	691.600
4943	691.700
5347	691.700
5363	691.700
4959	692.900
4922	693.000
4990	693.300
5215	693.300
4909	693.500
5084	693.800
5375	694.500
5055	694.700
5144	695.000
5030	696.600
5112	696.800
4937	697.000
4942	697.700
5056	698.100
5093	698.600
5162	698.600
5330	698.800
4933	699.000
4957	699.300
5121	699.300
5183	699.500
5385	699.700
4892	699.900
4968	700.200
5265	700.400
5354	700.500
4928	700.800
5253	700.900
4954	701.400
5352	701.400
5370	701.400
5114	701.500
4918	701.600
5086	701.600
5150	701.800
5224	701.800
5281	701.900
5019	702.000
5285	702.100
5041	702.300
5368	702.300
4912	702.500
5002	702.500
5033	702.700
5133	702.700
5201	702.800
5038	703.000
5273	703.300
5206	703.700
4848	703.800
5081	704.500
4979	704.600
5314	704.900
5331	705.400
5325	705.600
4882	705.800
5260	706.100
4980	706.400
5115	706.500
4897	707.300
5168	707.300
4865	707.400
4990	708.300
4844	708.600
5153	708.900
5202	709.000
5029	709.200
5091	709.200
5194	709.400
4873	709.600
5190	709.700
5304	709.800
5364	710.000
5252	710.200
5216	710.500
5098	711.600
5259	711.700
5292	712.000
5294	712.900
5000	713.200
5336	713.600
5380	713.900
4962	714.600
5348	714.800
4914	715.200
5182	716.100
5264	716.500
5045	716.900
5100	717.100
5099	717.400
5213	717.500
4992	717.900
4989	718.000
5001	718.300
5003	718.400
4920	718.600
4956	718.700
5079	718.800
5295	718.800
5257	718.900
5093	719.000
5293	719.000
5186	719.100
5028	719.300
5050	719.400
5283	719.400
5363	719.700
4911	719.800
4864	720.700
5368	720.700
5185	720.800
4906	721.100
4888	721.600
4854	722.500
5062	722.500
5084	722.700
5163	722.900
5339	722.900
5033	723.100
4890	723.200
5266	723.400
5327	723.600
4899	723.800
5242	723.800
5076	724.000
5055	724.800
4928	724.900
4847	725.100
4999	725.100
5135	725.100
5252	725.100
4991	725.300
5071	725.300
5106	725.300
5126	725.300
5265	725.300
5274	725.300
4967	725.500
5097	725.500
5373	725.500
4919	726.800
4925	727.500
5291	727.500
5248	728.500
5331	729.700
4995	730.300
5194	730.300
5029	730.600
5211	730.600
4904	730.800
5082	730.900
4915	731.400
5298	731.500
5208	731.700
4947	732.000
4980	732.100
5192	733.100
5276	734.400
5220	734.500
5334	734.700
5038	735.200
4996	735.400
5091	736.100
5089	736.200
5031	736.500
5190	736.500
5353	736.800
4972	737.400
4863	737.600
5111	738.000
5122	738.000
5132	738.100
4898	738.200
4953	738.200
5346	738.200
5161	738.300
5034	738.400
5373	738.400
4892	738.600
5141	738.800
5128	738.900
5382	739.100
5213	739.200
5028	739.400
4933	739.600
5055	740.300
5242	741.100
5236	741.200
5323	741.200
5022	741.700
5283	741.900
5193	742.300
5000	742.700
5273	742.700
4912	742.900
5356	742.900
4940	743.100
5344	743.100
5328	743.300
5151	744.100
5060	744.500
5260	744.800
5005	744.900
5160	744.900
5211	745.000
5081	745.600
5095	746.500
4865	746.700
5352	747.000
4852	748.000
5120	748.000
5125	748.300
5265	748.300
4866	748.500
4954	748.500
4958	748.600
5065	748.800
5253	748.900
5079	749.000
5056	749.100
4935	749.500
5047	749.500
5331	749.900
5091	750.200
5118	750.200
5364	750.500
5222	750.600
5326	750.800
5351	750.900
4976	751.000
4943	751.100
5168	751.100
5202	751.100
5379	751.100
5061	751.600
5240	751.900
5037	752.000
4891	752.200
5084	752.800
4854	753.400
4937	754.800
5264	755.200
5224	755.600
5337	755.600
5106	755.700
5291	756.200
5003	756.400
4885	756.500
4971	756.600
4897	756.900
4945	757.300
5011	757.300
4997	757.600
5350	758.100
5314	758.900
5371	758.900
5027	759.100
5138	760.000
5190	760.000
5199	760.000
5309	760.200
5050	761.100
5236	761.100
5363	761.400
5383	761.500
4879	761.600
4903	761.600
4924	762.600
5281	762.900
5312	763.300
4908	763.900
5334	764.000
5077	764.100
5293	764.500
4906	764.600
4855	765.300
5189	765.900
5250	766.100
5178	766.200
5257	766.200
5163	766.300
4868	766.900
5193	767.000
5091	767.100
5296	767.200
5159	767.300
5216	767.300
5280	767.500
4874	767.600
5072	767.600
4887	768.200
5360	768.600
5368	768.600
5097	769.300
5124	769.400
5238	769.700
5004	769.800
5070	770.200
5354	770.300
5006	770.600
5013	771.400
5343	771.600
5295	771.900
5053	772.000
5255	772.400
5204	772.700
5246	772.900
4986	773.000
5147	773.600
4981	774.000
4858	774.400
4929	775.000
5335	775.500
4921	775.600
5258	775.700
4845	776.000
4978	776.100
5201	776.400
5155	776.700
5019	776.800
5033	777.500
5093	777.900
5388	778.000
5110	778.200
5044	778.400
5016	779.000
5109	779.200
4942	779.300
4939	779.500
5039	779.500
5273	779.700
4980	779.900
5048	780.000
4903	780.200
5088	780.200
5040	780.300
5106	780.500
5294	780.800
4945	780.900
4983	780.900
4854	781.000
4962	781.100
4846	781.400
4871	781.600
4975	781.800
5213	781.800
5278	782.300
5271	782.400
4965	783.000
5143	783.500
5236	783.600
5357	785.900
5075	786.400
5079	786.700
5177	786.700
4847	786.800
5081	786.800
5282	786.900
5274	787.200
4934	787.400
5020	787.500
5050	787.500
5144	787.600
5098	787.700
5338	788.300
5084	789.000
4888	789.100
5192	789.500
5077	789.600
4995	789.700
5223	789.700
5261	789.900
5185	790.000
5254	790.000
5037	790.900
4925	791.100
5238	791.300
4882	792.100
5255	792.100
4855	793.300
4948	794.000
5291	794.000
4883	794.300
5205	794.400
5275	794.400
5347	794.400
5151	794.800
5190	794.800
4924	794.900
4897	795.300
4914	795.300
5165	795.700
5197	796.400
5361	796.400
5211	796.700
5259	797.000
4843	797.400
5091	797.600
5138	797.800
4994	798.000
5229	798.300
5159	798.500
5124	798.600
5376	798.900
4844	799.000
5097	799.700
5276	799.700
5297	799.700
5353	799.700
4937	799.900
5089	799.900
5136	799.900
5308	799.900
4881	800.000
4972	800.000
5204	800.000
5208	800.000
4908	800.100
5141	800.100
4848	800.300
5013	800.600
5038	800.900
5201	800.900
5389	801.200
4953	801.300
4929	801.800
5111	802.500
5000	802.600
5028	802.600
4919	802.700
5382	803.100
5373	803.600
5180	803.900
4921	804.000
5106	804.200
5241	804.400
5267	804.500
5153	804.700
5155	805.000
5083	805.300
5101	805.300
5093	806.600
4997	806.900
5340	806.900
5027	807.300
4985	808.000
5088	809.100
4977	809.400
5314	809.400
5186	809.500
5380	810.000
5257	810.400
5211	810.600
5248	810.700
5161	811.400
4939	811.800
5331	812.300
5062	812.700
5171	812.800
5058	813.700
5265	814.500
5043	815.700
5068	815.800
5253	816.000
5084	816.300
5354	816.300
5288	816.400
5364	816.400
5259	816.500
5252	817.000
5163	817.400
5065	818.300
5261	818.800
5202	819.100
5236	819.400
4884	819.500
5121	819.500
5324	819.500
4867	819.600
5280	819.600
5201	819.900
5123	820.200
5370	820.200
4864	820.300
4987	820.300
5048	820.300
5285	820.300
5367	820.300
4991	820.400
5183	820.400
5320	820.400
4980	820.500
4844	820.600
5159	820.700
4858	821.400
5336	821.600
4967	822.000
4930	822.100
4876	822.500
5022	822.500
5007	822.600
5079	822.600
5080	822.600
5124	822.600
5226	822.700
5093	822.800
5221	822.800
5077	823.200
5347	823.300
5058	823.400
5283	823.400
4919	823.500
4943	823.500
5078	823.500
5092	823.500
5339	823.600
5312	823.700
4883	823.800
5055	824.100
5353	825.600
5211	826.800
5095	827.000
4922	828.000
5138	828.000
5346	828.500
5213	828.700
5064	831.800
5167	832.200
5278	832.200
5140	832.400
5192	832.600
5371	832.700
5056	832.800
5061	833.000
4863	833.200
5182	833.500
5236	833.600
5322	833.600
4983	834.500
5050	834.800
5266	835.000
5374	835.500
5060	835.600
5120	835.600
5208	835.600
5285	835.600
5326	835.600
5006	836.000
5038	836.300
4943	836.400
5259	836.600
4868	836.900
5034	837.000
5336	837.000
4990	837.100
5303	837.100
4892	837.200
4993	837.200
4865	838.000
5053	838.100
5387	838.200
4882	839.100
5323	839.700
5117	840.100
5381	840.200
5232	840.600
5013	840.800
5286	841.500
5373	842.000
5178	842.100
5307	842.200
5184	842.300
5264	842.300
5104	842.400
5352	842.400
4962	842.700
5333	842.800
4985	842.900
4909	843.300
5168	843.300
4862	843.400
5201	843.800
4931	844.400
4848	844.500
4897	844.600
4864	845.000
5296	845.500
5091	845.600
5355	845.800
4852	846.000
4908	846.200
5240	846.600
5124	846.700
5216	846.700
5330	846.700
5252	846.800
4932	846.900
5246	846.900
4968	847.200
5294	847.200
5247	847.300
5071	847.700
5048	848.700
5019	848.900
5379	849.600
5211	850.100
5001	850.300
5137	850.400
5198	850.700
5218	850.700
4854	850.900
5003	851.000
5195	851.500
5344	853.000
5024	853.300
5239	853.400
5290	853.800
5028	853.900
5302	854.500
5334	854.600
5136	855.500
4904	855.600
5183	855.600
4882	855.700
4885	856.100
4980	856.100
5277	856.200
5140	856.700
4938	857.000
5304	857.300
5073	858.300
4890	858.400
5229	858.800
4921	858.900
5201	859.500
4919	860.000
4845	860.400
5194	860.400
5320	860.400
5186	860.600
5053	861.300
5175	861.500
5039	861.800
5052	862.000
4948	862.300
4867	862.400
4946	862.600
4942	862.800
5189	863.000
4947	863.100
5091	863.100
5363	863.200
5165	863.300
5058	863.500
5242	863.700
5293	863.700
5281	863.800
5282	864.100
5275	864.200
5122	864.400
5097	864.600
5295	864.800
4903	864.900
5335	864.900
5178	865.100
5354	865.200
4858	865.400
5243	865.500
5331	865.500
5047	865.700
5150	865.900
5328	865.900
5017	866.100
5314	866.100
5373	866.100
5089	866.200
5070	866.500
5163	866.700
5203	867.000
5247	868.100
4945	868.200
5340	868.400
5004	868.600
5174	869.300
4951	869.600
5062	869.700
5253	869.700
5333	869.700
5088	870.300
5364	870.800
4877	872.000
5140	872.500
4917	872.700
5050	872.800
5027	873.300
5248	874.500
4844	875.100
4864	875.300
5013	875.700
5084	875.900
4912	876.600
4927	876.700
5211	876.700
5312	876.700
5225	876.900
5301	877.000
5160	877.200
5219	877.300
5042	877.600
5109	877.700
5338	877.800
4958	877.900
5223	878.000
4943	878.100
5023	878.600
4875	878.800
5200	879.200
5384	879.600
5026	880.100
4980	880.500
5267	880.500
5309	880.600
5175	881.300
5159	881.400
5341	881.400
5180	881.900
4865	882.000
4970	882.000
5041	882.600
5218	882.600
4908	882.700
5142	882.700
5168	882.800
5304	884.100
5152	884.200
5107	884.300
5259	885.100
5050	885.500
5030	885.600
5034	885.800
5035	886.000
5045	886.000
4919	886.500
5257	887.200
5270	887.900
5079	888.400
5111	888.400
5247	888.500
4925	888.600
5368	888.600
5061	888.700
5108	888.900
4940	889.100
5190	889.100
5295	889.500
4999	889.600
5353	889.800
5325	889.900
5278	890.000
5091	890.200
5178	890.200
4921	890.500
4854	890.600
5208	890.800
5261	891.300
5124	891.400
4915	891.600
5157	891.700
5033	891.800
5121	892.400
5166	892.700
5233	893.200
5354	893.300
4847	893.400
4959	893.500
4972	893.600
5252	893.800
5336	894.200
5093	894.900
5176	895.400
5371	895.500
4968	895.800
5339	896.400
4980	896.800
4933	897.300
5370	897.300
4897	899.300
5022	899.300
4993	899.400
5212	899.500
4909	900.300
4877	900.600
4996	900.900
5224	901.000
5184	901.200
5031	901.600
4967	901.700
5375	901.800
4922	902.100
5029	902.700
5259	902.700
5335	902.700
5326	902.800
4870	903.300
4953	903.500
4932	903.900
5058	904.000
4990	904.200
4876	905.200
5373	905.200
5137	905.600
5163	905.600
5350	905.900
5048	906.000
4856	906.100
4942	906.400
4989	906.500
5077	906.500
5086	906.500
4977	906.600
4903	907.000
4965	907.000
5078	907.400
5195	907.400
5038	907.500
5053	907.800
5316	907.800
5070	908.100
5387	908.200
5061	908.500
5264	908.600
5246	909.400
4959	909.700
4854	910.600
5161	911.400
5083	911.800
5081	911.900
4954	912.000
5381	912.100
5329	912.500
5071	913.100
5254	913.100
5151	913.400
5361	913.400
5064	913.500
5095	914.000
4970	914.200
5225	914.200
5376	914.200
4911	914.300
5100	914.400
4853	914.500
5009	914.800
5294	915.200
5273	915.400
5256	915.700
4960	916.200
5257	916.200
5312	916.500
5050	916.700
5214	917.400
5223	917.600
5033	917.900
5243	918.000
4865	918.300
5368	918.500
5242	918.700
4936	918.800
5189	919.000
5216	919.000
5236	919.400
5180	919.500
5222	919.500
5089	920.700
5008	921.400
4958	921.900
5001	921.900
5127	922.100
4950	922.400
5208	922.900
5252	923.200
5353	923.200
5168	923.600
5219	923.600
4906	924.000
5323	924.200
5056	924.700
5379	924.700
5048	924.800
5247	924.900
4859	925.900
4879	926.600
5365	927.200
4915	927.600
4943	927.900
5098	928.000
5039	928.100
5339	928.200
5205	928.700
5237	928.700
5290	928.700
5034	928.800
5302	928.900
4874	929.000
4982	929.000
4980	929.200
5136	929.300
5041	929.500
4925	929.700
4928	929.900
4882	931.500
5058	931.500
5275	931.500
5261	932.000
5070	932.100
5195	932.900
5062	933.900
5360	934.100
5113	934.200
5120	934.200
5249	934.700
4967	934.900
5277	934.900
5003	935.200
4892	935.300
5157	935.500
5206	935.500
4845	935.800
4867	935.900
5243	936.000
4863	937.000
5029	937.100
4844	937.800
5370	938.000
4966	938.200
4981	938.200
5373	938.200
4971	938.300
5047	938.300
5075	938.300
5166	938.300
5251	938.300
5224	938.500
5340	938.500
5368	938.600
5201	938.700
5320	938.900
5106	939.000
5283	939.000
5060	939.100
4868	939.400
4909	939.600
5076	940.500
5234	940.600
5246	940.600
4929	940.700
5140	940.700
5053	941.200
5387	941.200
5353	941.700
5037	942.600
5104	942.800
4948	942.900
5208	943.600
5144	943.800
5219	943.800
4968	943.900
5253	944.100
5161	944.700
5310	944.800
5138	945.100
5081	945.500
5331	945.500
5263	945.600
4982	946.900
5124	947.600
4848	948.500
5278	948.800
4882	948.900
5178	949.300
4904	949.400
5222	949.400
4869	949.600
4972	949.600
5061	949.600
5047	949.700
4865	949.900
5355	950.000
4932	950.400
5301	950.700
5384	950.700
5233	951.000
4906	951.200
5314	951.400
5215	951.500
5323	951.600
5163	951.700
5376	952.300
5001	952.400
4990	953.000
4911	953.100
5092	953.900
5285	954.600
5382	954.600
5292	955.200
5195	955.300
5110	956.000
4846	956.100
4864	956.400
4922	956.400
5248	956.800
4945	956.900
5339	957.000
5055	957.100
5013	957.200
4960	957.300
5165	957.400
5009	958.100
5352	959.000
4953	959.100
4935	959.200
5147	959.400
4936	959.900
5151	960.900
5294	962.000
5209	962.500
5265	962.500
5220	962.600
5236	962.800
5242	962.800
5252	962.800
5333	963.000
5033	963.200
5089	963.200
5299	963.200
5081	963.300
4976	963.700
5048	963.700
5075	963.700
5093	963.700
5044	963.800
5274	963.800
5259	963.900
5318	964.000
4906	964.300
5020	964.800
5175	965.200
5280	965.800
5350	966.500
5361	966.800
4890	966.900
4847	967.100
5056	967.500
5197	967.900
4912	968.800
5186	969.200
4987	969.700
5053	969.800
5238	969.900
5323	969.900
5331	970.100
5029	970.200
5106	970.200
5060	970.300
5353	970.500
4959	971.100
5097	971.200
4848	971.400
4929	972.200
5154	972.200
4894	972.300
4913	972.400
5084	973.300
5222	973.500
5163	974.700
4997	975.000
4999	975.100
4919	975.300
4843	975.500
5014	975.500
4985	975.700
5135	975.700
5292	975.700
4958	975.800
5180	975.800
5242	975.800
5128	975.900
5258	975.900
4898	976.000
5159	976.000
5194	976.000
5344	976.200
5178	976.500
5201	977.600
5312	977.900
5260	978.200
5236	978.700
5247	980.800
5220	980.900
5000	981.100
4947	981.200
5336	981.400
4955	981.500
5183	981.600
4943	982.200
5217	982.200
4882	983.200
5329	983.200
5333	983.200
4863	983.300
5294	984.500
5223	984.700
5283	984.700
4878	985.300
5192	985.300
5378	985.400
4922	985.500
5365	985.700
4954	985.800
5008	985.800
5334	985.800
5305	985.900
5326	985.900
5124	986.000
5151	986.100
4916	986.400
5202	986.600
5371	987.300
5095	988.000
5255	988.200
4933	988.400
5221	988.900
5277	988.900
5003	989.000
5106	989.000
5276	989.000
4908	989.100
5353	989.200
5254	989.400
4953	989.500
5089	989.500
5161	989.600
4951	990.000
4996	990.300
5224	990.400
5121	990.700
5331	991.600
5159	991.700
5203	991.700
5245	991.800
5387	991.900
5105	992.200
5292	992.400
4905	992.500
5346	992.600
4855	993.300
5355	993.400
5339	993.500
4959	993.800
5036	993.800
5266	993.800
5024	993.900
5034	994.000
5091	994.600
5201	994.700
5215	994.700
5370	994.900
5211	995.300
5382	995.300
5328	996.700
4919	997.100
5384	998.000
5050	998.700
4915	999.500
4877	999.900
5135	1000.000
