# NEST version: master@992860964
# RecordingBackendASCII version: 2
sender	time_ms
1363	500.900
1344	501.500
2061	502.100
1052	504.300
1573	504.400
1281	505.100
1333	505.500
1979	506.100
32	506.200
1620	508.300
1887	510.000
930	511.200
1999	516.800
394	516.900
359	518.800
1049	520.600
1861	520.700
1337	521.900
606	526.000
282	526.900
1826	528.700
369	532.100
2046	533.100
1718	533.500
165	533.900
676	533.900
231	534.900
61	535.200
1334	535.300
1064	544.700
719	548.000
1298	550.800
1930	555.100
1393	556.300
1303	557.500
1297	558.600
1672	558.700
1709	560.100
2025	561.100
13	562.500
600	565.900
924	565.900
2035	565.900
153	566.700
33	567.500
1161	567.500
82	567.600
209	567.900
843	569.100
1069	571.800
668	576.300
686	577.200
1807	579.000
245	579.400
999	579.600
1857	580.100
939	590.200
1708	592.800
1036	593.200
165	593.500
1645	593.500
701	594.100
187	594.500
282	594.700
1749	594.700
1165	595.100
1471	595.400
986	595.500
1287	595.500
1841	595.500
904	595.600
794	595.700
1239	595.700
810	595.900
988	596.000
1997	596.300
556	596.400
1185	596.400
283	596.600
667	596.700
944	596.700
1560	596.700
1595	596.700
300	596.800
159	598.000
1525	599.400
683	603.000
288	606.700
1340	607.500
831	616.100
1268	619.100
1530	620.300
1329	622.400
1069	626.300
603	629.900
1165	635.800
944	636.100
1626	636.700
389	637.900
1861	640.000
1096	641.600
1349	642.000
607	642.900
691	644.200
2068	644.200
1268	645.800
825	648.000
759	648.400
67	650.200
583	650.500
819	650.700
1214	653.100
190	654.800
739	664.300
1661	665.900
1354	666.700
721	666.800
448	666.900
559	667.200
1274	667.400
1915	667.400
562	667.700
1210	667.800
26	668.000
1179	668.100
982	668.400
1015	670.100
1282	670.400
1706	672.200
1874	675.000
1985	686.100
90	689.400
814	690.100
1909	690.100
1471	693.200
876	693.300
1446	696.500
654	696.600
1467	698.300
436	703.500
1078	711.000
721	711.400
1649	712.500
222	713.500
1967	713.500
137	713.800
447	713.800
809	715.000
1143	715.600
1532	716.400
1287	716.700
1456	717.200
1240	719.400
1902	719.900
543	720.300
2023	720.800
1780	739.500
361	744.500
194	744.600
1853	745.500
1344	745.800
590	746.400
1356	746.400
691	746.700
1162	747.800
1728	747.900
1487	748.300
1525	748.500
446	749.400
1146	750.900
981	765.800
947	766.400
229	766.800
1184	767.200
2035	768.000
294	768.200
2047	771.700
416	772.200
1402	772.900
1036	773.600
1328	773.900
247	774.000
1316	774.100
1936	775.800
1210	782.400
1519	784.700
794	786.300
235	788.100
1382	788.100
340	789.400
78	789.800
241	789.800
766	790.500
957	790.600
1435	790.700
748	791.000
1803	791.300
1206	791.500
2046	791.800
1606	792.500
1741	794.600
1165	795.400
1532	797.400
1191	811.000
1894	811.000
263	811.200
2	813.100
626	814.200
798	814.600
1488	814.600
318	815.300
1009	815.300
1758	817.000
1395	818.800
1791	818.800
1440	819.000
176	819.100
1283	820.100
1008	821.600
68	821.900
211	821.900
1890	822.600
1906	824.100
1105	824.500
844	825.600
1785	825.600
1320	827.900
1527	833.000
1861	845.600
1162	847.300
1340	848.800
809	849.000
677	851.100
1738	851.600
142	851.900
1054	852.300
1855	852.300
353	852.700
1186	852.700
1511	852.700
505	852.800
769	852.900
1693	853.000
763	853.100
1898	853.400
254	853.500
101	853.600
1808	853.700
1008	853.900
1069	854.000
1241	854.100
1097	854.200
1210	854.200
1071	854.800
439	855.000
265	855.600
843	856.200
239	857.900
1873	877.100
1588	877.600
1383	877.800
1970	877.800
1436	878.200
2014	878.500
1692	878.600
68	878.700
908	878.700
1971	878.700
1568	879.100
769	879.200
816	879.200
306	880.000
400	880.100
1041	880.200
1914	880.200
412	880.600
1477	880.700
1095	880.900
2048	880.900
1104	883.300
1184	884.700
659	896.500
2049	898.900
1214	899.100
607	902.700
1484	904.000
1667	904.700
654	904.900
739	905.500
1277	905.800
1394	905.800
1496	906.800
922	907.100
860	908.300
1687	910.300
287	911.700
1674	916.000
1758	917.600
669	918.300
1810	920.300
1967	922.100
634	922.500
671	922.800
126	922.900
314	923.700
340	923.800
1454	923.800
963	924.400
944	926.000
908	943.000
1909	943.900
516	944.600
1625	944.700
1217	944.800
1101	945.100
1308	945.600
560	945.900
1598	945.900
1497	946.000
676	946.100
1661	946.400
317	946.500
1632	946.600
1430	947.800
834	947.900
859	948.400
425	956.200
1161	962.300
1167	963.000
1690	963.700
1062	964.200
2066	967.900
1277	972.700
1224	976.400
432	981.100
1041	981.500
1097	981.500
918	981.900
55	982.800
1466	983.400
1624	983.700
269	985.300
1435	986.500
1502	986.500
1001	987.300
1031	987.900
1920	987.900
1543	989.700
1477	991.700
120	994.200
1670	996.000
811	1004.500
780	1007.300
479	1008.700
421	1008.800
2002	1009.700
628	1010.100
1188	1010.100
1759	1010.200
1036	1011.300
1291	1011.500
392	1011.600
947	1012.200
1355	1012.600
2044	1012.600
255	1012.800
1346	1012.900
620	1013.000
326	1013.300
969	1013.400
285	1014.000
1616	1014.400
1707	1014.500
1626	1015.000
1532	1015.300
177	1016.700
1726	1017.000
1275	1017.400
968	1017.500
586	1018.300
1012	1018.500
1608	1019.400
941	1020.400
445	1020.500
529	1022.000
359	1027.200
315	1028.500
918	1029.600
1636	1029.700
1909	1029.900
254	1030.200
1886	1030.300
1988	1030.600
2046	1030.700
1367	1030.800
833	1032.500
603	1036.400
194	1041.900
718	1046.400
681	1047.300
394	1047.500
428	1048.200
33	1048.500
944	1050.300
1526	1050.900
946	1051.000
1419	1051.100
1344	1052.900
436	1053.800
1931	1053.800
1739	1054.500
1165	1054.800
1338	1055.700
615	1056.400
703	1056.800
1483	1058.000
1162	1060.500
956	1060.600
446	1062.300
1538	1063.600
2024	1063.700
1864	1066.400
977	1067.000
1785	1068.100
1898	1068.200
136	1071.600
561	1072.400
1008	1073.200
1027	1073.200
908	1073.500
937	1074.300
1890	1074.500
107	1075.100
134	1075.200
540	1075.400
1788	1075.500
478	1075.800
1067	1076.100
1349	1076.500
883	1076.700
1369	1076.700
1754	1076.700
1599	1076.800
666	1078.700
1860	1080.300
1992	1096.300
1756	1096.500
1278	1098.200
758	1098.800
1126	1098.900
1019	1099.200
361	1099.300
1690	1099.500
789	1100.100
712	1100.200
612	1100.300
665	1100.300
1536	1101.300
526	1101.500
1414	1101.600
191	1101.700
432	1101.700
1499	1102.300
586	1102.800
505	1112.900
1422	1113.700
769	1122.400
421	1122.700
1967	1122.900
1618	1123.200
1337	1123.300
474	1123.400
1526	1123.400
1604	1123.900
1592	1124.500
2012	1124.500
1900	1124.800
852	1124.900
1001	1124.900
658	1125.100
280	1125.400
681	1125.500
1462	1125.600
968	1125.900
1740	1125.900
145	1126.000
294	1126.300
832	1127.000
1571	1127.000
943	1139.600
1061	1144.100
227	1146.000
603	1146.100
1344	1146.300
664	1147.300
1179	1147.300
1879	1147.600
912	1147.900
855	1148.200
809	1149.400
1670	1149.500
57	1150.600
680	1150.700
460	1151.000
695	1151.200
247	1151.500
1003	1153.100
895	1153.200
1289	1153.400
1078	1153.600
517	1154.200
919	1155.300
292	1156.400
1177	1158.900
1469	1168.600
274	1172.300
30	1172.700
2063	1172.800
1777	1173.000
1298	1173.400
706	1174.100
1586	1174.100
1440	1174.200
24	1174.400
747	1181.800
548	1184.900
2053	1186.600
1890	1187.800
843	1190.200
1402	1191.300
1305	1192.300
292	1194.500
1898	1199.700
1014	1200.000
1585	1203.000
397	1203.900
895	1204.800
785	1211.600
1015	1214.100
377	1215.100
1327	1216.500
747	1216.600
694	1216.800
1230	1217.200
1780	1217.400
1687	1221.000
1206	1222.100
583	1223.300
1915	1223.600
1912	1225.300
706	1233.400
142	1238.800
944	1244.400
670	1244.600
1905	1246.400
907	1249.200
1919	1251.000
322	1252.700
441	1255.600
1605	1268.500
489	1271.100
431	1272.200
1319	1274.100
1967	1275.400
744	1275.500
1942	1276.300
295	1277.300
355	1279.200
557	1280.500
195	1285.000
395	1290.200
1916	1291.400
1230	1292.400
796	1292.500
138	1293.000
87	1294.700
1570	1294.700
1367	1294.900
211	1295.500
137	1296.400
1780	1297.000
1771	1297.200
1873	1297.800
1966	1297.800
334	1298.100
810	1298.600
1358	1298.800
1325	1298.900
1776	1299.000
1649	1299.400
1001	1299.500
1174	1299.700
46	1300.300
390	1300.500
1089	1300.800
848	1301.000
1346	1301.300
468	1302.100
1625	1302.800
1666	1303.000
1305	1303.200
2048	1305.000
1242	1312.900
1829	1316.400
1915	1319.200
34	1320.800
1730	1321.500
271	1323.300
1598	1323.400
1894	1324.400
656	1325.100
1207	1325.400
456	1325.700
401	1326.000
1583	1326.500
1370	1329.500
777	1331.300
1574	1332.100
1930	1334.100
1107	1337.700
211	1338.200
569	1338.300
2009	1346.700
1711	1348.000
347	1348.900
1141	1350.400
474	1350.600
558	1350.900
1145	1353.100
1941	1353.300
1608	1353.400
1765	1354.100
1519	1354.300
1712	1354.700
1898	1355.400
137	1357.100
1644	1357.400
162	1358.000
139	1359.600
1574	1363.600
1972	1363.900
1211	1366.200
2012	1366.400
1948	1366.500
491	1368.800
820	1372.200
1428	1377.000
862	1377.200
1967	1377.600
1805	1379.200
688	1379.800
1086	1384.300
1449	1385.700
1454	1386.000
869	1387.400
370	1388.200
2047	1388.900
1279	1389.400
661	1389.600
1632	1396.700
1816	1397.500
1898	1404.600
1587	1405.100
214	1408.800
647	1410.600
803	1411.300
124	1417.700
1245	1419.300
1648	1421.700
788	1422.100
434	1422.800
674	1423.200
340	1423.400
1027	1425.100
726	1425.300
1858	1425.400
1983	1427.700
424	1429.300
1488	1441.000
1230	1442.400
1654	1443.000
1164	1443.300
1100	1443.700
353	1443.800
1516	1443.800
116	1444.300
975	1444.700
1392	1444.700
1959	1445.100
1203	1445.300
1491	1445.300
2035	1445.500
1693	1445.900
1834	1445.900
641	1446.000
1594	1446.100
147	1446.500
67	1447.400
15	1447.700
1808	1447.700
508	1448.200
1586	1448.600
128	1456.700
1414	1464.200
1586	1469.400
51	1470.500
270	1470.500
617	1470.900
1435	1470.900
1909	1471.900
370	1475.200
1236	1476.300
1175	1484.400
1816	1487.500
294	1489.000
1120	1489.800
1661	1489.900
1898	1490.300
1553	1490.400
282	1491.000
1464	1491.500
297	1491.800
220	1492.300
57	1492.700
1214	1493.200
1006	1493.900
1900	1494.100
154	1494.600
465	1495.000
1672	1496.000
2047	1496.300
1771	1496.600
349	1497.100
66	1498.600
484	1499.200
1909	1499.900
