# NEST version: master@992860964
# RecordingBackendASCII version: 2
sender	time_ms
5855	500.200
5583	500.700
5584	500.800
5870	501.200
5678	501.700
5474	501.800
5475	501.800
5499	501.800
5850	501.800
5740	502.200
5427	502.700
5676	503.100
5504	503.400
5777	503.400
5782	503.400
5543	503.500
5598	503.900
5660	504.000
5473	504.200
5602	504.200
5574	504.300
5424	504.400
5466	504.400
5615	504.400
5572	504.500
5805	504.600
5762	504.700
5702	505.000
5649	505.100
5737	505.200
5753	505.300
5808	505.300
5411	505.400
5456	505.400
5503	505.600
5716	505.600
5755	505.700
5467	505.800
5541	505.800
5834	505.900
5736	506.000
5458	506.100
5393	506.200
5853	506.300
5795	506.500
5522	506.600
5463	506.900
5623	506.900
5749	507.100
5557	507.200
5478	507.300
5653	507.300
5514	507.400
5642	507.800
5790	507.900
5838	508.100
5535	508.200
5715	508.200
5621	508.400
5545	508.800
5697	509.100
5751	509.900
5447	510.400
5719	510.900
5412	511.300
5657	511.500
5760	511.800
5618	513.400
5457	514.100
5585	514.600
5616	514.600
5708	514.900
5401	515.500
5614	515.800
5537	516.200
5680	516.400
5741	516.600
5397	516.700
5596	516.800
5663	517.300
5404	517.400
5417	517.800
5395	517.900
5462	518.200
5562	519.100
5716	519.300
5520	519.400
5486	519.500
5619	519.800
5641	520.000
5798	520.100
5717	520.200
5718	520.800
5561	520.900
5465	521.000
5835	521.000
5437	521.500
5658	521.600
5786	521.600
5819	521.600
5667	521.900
5864	521.900
5528	522.000
5544	522.100
5688	522.100
5759	522.300
5645	522.400
5502	522.500
5820	522.700
5859	522.700
5705	522.800
5442	522.900
5400	523.100
5720	523.100
5771	523.100
5781	523.100
5426	523.200
5651	523.200
5519	523.300
5550	523.300
5416	523.400
5727	523.400
5871	523.500
5533	523.600
5503	523.800
5470	523.900
5686	524.000
5507	524.300
5824	524.300
5468	524.400
5508	524.400
5512	524.900
5542	525.000
5476	525.800
5463	527.500
5655	528.300
5580	529.100
5495	529.300
5635	530.000
5518	531.100
5806	531.400
5687	531.800
5729	531.800
5415	531.900
5870	532.000
5574	532.500
5829	532.500
5640	532.600
5808	532.900
5451	533.100
5738	533.600
5484	534.000
5629	534.000
5494	534.200
5872	534.300
5803	534.600
5649	534.700
5394	535.100
5546	535.100
5499	535.300
5656	535.300
5624	535.900
5618	536.100
5626	536.200
5638	536.200
5501	536.300
5477	536.400
5613	536.700
5740	537.600
5849	537.700
5702	538.700
5650	538.900
5726	538.900
5483	539.100
5762	540.600
5749	541.400
5564	543.100
5773	543.200
5530	543.600
5734	546.500
5648	546.900
5788	547.000
5587	547.400
5868	547.500
5511	547.600
5456	547.800
5446	548.200
5789	548.200
5712	548.400
5597	548.500
5646	549.800
5425	550.400
5631	550.700
5713	550.800
5434	551.100
5533	551.500
5535	551.700
5820	552.200
5710	552.700
5838	553.000
5786	553.200
5545	553.500
5768	553.900
5572	554.800
5839	554.800
5815	555.100
5856	555.500
5859	555.500
5727	555.700
5790	556.900
5865	556.900
5835	557.000
5416	557.500
5767	557.600
5642	558.200
5784	558.400
5630	558.800
5638	558.800
5831	558.900
5704	559.400
5874	559.500
5765	559.800
5422	560.500
5437	561.100
5560	561.600
5435	562.400
5691	563.100
5719	563.600
5709	563.900
5398	564.800
5565	565.000
5516	565.300
5532	565.300
5419	565.400
5651	565.600
5716	565.900
5700	566.100
5680	566.200
5525	566.300
5637	566.400
5867	566.600
5514	567.200
5580	567.200
5751	567.200
5454	567.500
5592	567.500
5439	569.100
5507	569.100
5546	569.400
5655	570.300
5401	570.900
5509	570.900
5550	571.000
5520	571.200
5860	572.400
5426	572.900
5552	573.400
5584	573.500
5670	573.500
5524	574.000
5451	574.100
5486	574.200
5826	574.400
5808	574.600
5536	574.700
5466	574.800
5634	575.300
5740	575.300
5496	575.700
5750	575.700
5801	576.100
5815	576.200
5730	576.300
5490	576.400
5686	576.600
5787	576.700
5468	577.000
5598	577.200
5727	577.200
5421	577.300
5567	577.300
5511	577.700
5531	577.700
5642	577.900
5616	578.300
5825	578.400
5583	578.500
5415	578.600
5438	578.800
5620	578.800
5681	579.000
5814	579.600
5561	579.800
5832	580.000
5578	581.600
5658	581.600
5760	582.300
5785	582.900
5534	584.000
5673	584.200
5782	584.900
5523	585.100
5416	585.400
5499	585.500
5482	585.900
5607	586.200
5786	586.400
5871	586.900
5439	587.000
5457	587.000
5629	588.000
5771	588.000
5406	588.200
5745	588.300
5757	588.300
5508	588.400
5859	588.600
5572	588.700
5624	588.800
5501	589.200
5484	589.600
5469	590.100
5705	590.200
5848	590.200
5695	590.300
5514	590.400
5440	590.700
5638	590.700
5665	591.100
5549	591.500
5602	591.500
5805	591.800
5844	592.200
5397	592.300
5478	592.300
5481	592.300
5667	592.500
5432	592.600
5480	592.700
5710	592.700
5563	592.800
5790	592.800
5748	592.900
5519	593.000
5631	593.000
5874	593.000
5813	593.200
5856	593.200
5402	593.600
5487	593.700
5735	593.800
5453	593.900
5618	594.500
5867	594.600
5734	594.800
5640	594.900
5559	595.000
5568	595.100
5595	595.100
5727	595.400
5746	595.500
5682	595.800
5698	595.800
5472	595.900
5722	596.100
5855	596.200
5653	596.400
5396	596.500
5749	596.600
5580	596.900
5837	597.000
5696	597.300
5475	597.500
5400	597.900
5714	597.900
5621	598.000
5569	598.400
5636	598.600
5443	598.700
5643	598.800
5412	599.100
5610	599.100
5633	599.100
5461	599.300
5795	599.300
5853	599.400
5712	599.600
5637	599.700
5725	599.700
5434	599.800
5685	599.900
5701	600.700
5664	600.800
5493	601.100
5639	602.700
5566	603.500
5763	605.300
5570	606.400
5861	609.500
5626	609.800
5511	610.200
5826	611.800
5770	612.100
5787	612.100
5737	612.400
5651	613.400
5728	613.400
5845	613.400
5439	613.700
5796	613.900
5833	613.900
5401	614.200
5777	614.200
5618	614.300
5572	614.500
5808	614.500
5866	614.900
5551	615.100
5835	615.200
5558	615.500
5632	615.600
5694	615.600
5841	615.700
5591	616.500
5642	616.500
5503	616.600
5616	616.600
5468	617.100
5843	617.100
5792	617.200
5846	617.300
5771	617.500
5448	617.600
5676	617.600
5824	617.800
5414	618.200
5657	618.200
5871	618.200
5643	618.400
5663	618.500
5501	618.700
5821	618.700
5522	618.900
5535	619.000
5478	619.200
5604	619.200
5759	619.200
5726	619.700
5868	619.900
5459	620.600
5727	620.600
5713	620.800
5801	622.600
5751	623.100
5490	623.200
5585	623.900
5519	624.200
5507	624.400
5658	624.500
5559	624.600
5816	625.600
5646	625.700
5573	626.200
5786	626.300
5725	626.400
5870	626.400
5395	626.500
5814	626.800
5799	627.100
5689	627.200
5863	627.200
5464	627.500
5793	627.700
5784	628.200
5482	628.600
5408	628.800
5438	629.000
5677	630.400
5662	630.500
5440	630.600
5803	630.900
5603	632.200
5475	632.500
5653	632.600
5532	632.900
5697	633.100
5832	633.100
5630	633.300
5480	633.400
5499	634.500
5655	634.600
5805	636.900
5520	637.200
5875	637.200
5593	637.400
5769	638.500
5539	641.400
5398	641.700
5872	642.000
5591	642.400
5764	642.500
5537	643.000
5797	643.000
5487	643.100
5501	643.500
5765	643.500
5826	644.100
5615	644.700
5735	644.700
5466	644.800
5636	645.100
5780	645.500
5541	645.800
5512	645.900
5789	646.500
5452	647.300
5486	647.300
5442	647.500
5426	648.500
5710	649.000
5700	649.300
5874	649.900
5616	650.700
5566	651.400
5779	651.800
5656	651.900
5624	653.000
5515	653.500
5770	653.500
5635	654.400
5716	654.800
5759	655.800
5861	656.200
5740	656.600
5447	656.700
5776	656.700
5822	656.700
5609	657.100
5850	657.100
5551	657.200
5849	657.400
5574	658.000
5633	658.200
5618	658.500
5529	658.600
5699	658.900
5746	658.900
5554	659.100
5523	659.300
5757	659.400
5806	659.400
5657	659.900
5533	665.000
5712	665.000
5761	665.200
5842	665.500
5496	666.000
5841	666.100
5400	666.900
5401	666.900
5705	666.900
5590	667.000
5456	668.100
5661	668.200
5648	668.400
5441	668.900
5833	669.300
5786	669.600
5844	670.000
5815	670.200
5823	670.200
5557	670.300
5672	670.400
5598	670.900
5555	671.100
5783	671.200
5725	671.600
5510	672.400
5486	672.600
5663	672.700
5442	672.800
5643	673.300
5818	673.400
5415	673.600
5479	673.600
5647	673.600
5835	673.600
5396	674.000
5581	674.100
5491	674.400
5794	674.400
5798	674.400
5856	674.400
5808	674.600
5714	674.700
5438	675.000
5543	675.000
5738	675.100
5687	675.200
5700	675.200
5629	675.700
5437	675.800
5871	675.800
5490	675.900
5793	675.900
5713	676.000
5848	676.100
5498	676.200
5694	676.400
5497	676.500
5799	676.500
5850	676.500
5399	676.800
5544	677.000
5686	677.200
5395	677.500
5483	677.600
5660	678.100
5875	678.200
5729	678.300
5630	679.300
5855	680.000
5603	680.400
5715	680.700
5665	681.300
5709	682.000
5601	682.200
5431	682.700
5597	682.900
5638	683.000
5733	683.000
5743	683.400
5724	683.500
5468	683.900
5435	684.600
5716	687.200
5691	687.300
5817	687.900
5482	688.600
5556	689.100
5843	689.500
5463	689.600
5851	689.600
5859	689.800
5736	690.100
5612	690.400
5713	690.600
5834	690.700
5520	690.800
5413	691.000
5501	691.000
5710	691.200
5573	691.400
5869	691.400
5748	691.500
5420	692.000
5656	692.100
5513	692.200
5775	692.200
5392	692.300
5439	692.500
5636	692.700
5739	692.700
5737	692.900
5813	693.200
5516	693.300
5600	693.300
5718	693.400
5693	693.500
5580	693.700
5631	695.000
5475	695.600
5590	696.600
5787	696.800
5647	696.900
5876	697.100
5525	697.300
5643	697.500
5591	698.700
5646	701.100
5658	701.100
5572	702.900
5464	704.700
5534	705.300
5663	706.100
5688	706.100
5512	706.500
5755	706.900
5835	707.000
5505	708.100
5634	709.800
5686	710.700
5577	710.800
5720	710.800
5819	711.300
5836	711.700
5778	712.000
5492	712.500
5450	712.700
5545	712.800
5724	712.900
5481	713.100
5393	713.200
5562	713.300
5541	713.400
5736	713.400
5581	713.600
5661	713.600
5839	713.700
5548	713.900
5603	714.000
5623	714.000
5777	714.000
5804	714.200
5826	714.200
5495	714.500
5710	714.600
5747	714.600
5491	715.000
5825	715.100
5639	715.500
5821	715.500
5828	715.800
5607	716.000
5784	716.000
5419	716.300
5549	716.400
5425	716.500
5682	716.500
5660	716.700
5584	716.900
5672	716.900
5737	717.700
5417	718.500
5679	718.700
5674	718.800
5540	719.000
5434	719.300
5531	720.200
5813	720.500
5410	720.900
5805	720.900
5642	721.000
5655	721.000
5811	721.200
5482	721.300
5650	721.300
5517	721.400
5684	721.500
5458	721.800
5800	721.900
5590	722.200
5644	722.300
5677	722.700
5721	722.700
5835	723.000
5749	723.200
5631	723.300
5594	723.400
5733	723.900
5806	723.900
5535	724.600
5526	728.000
5574	728.000
5514	729.700
5630	729.800
5757	730.000
5593	730.200
5699	730.900
5615	731.300
5624	734.800
5401	735.000
5543	735.100
5693	735.200
5808	735.300
5874	735.300
5616	735.400
5740	735.700
5403	735.800
5507	735.900
5489	736.400
5404	737.300
5801	737.300
5673	737.500
5532	737.600
5866	737.700
5776	737.900
5778	738.300
5712	739.100
5692	739.200
5853	740.100
5495	740.700
5716	740.900
5833	740.900
5441	741.800
5794	741.900
5770	742.100
5870	742.300
5804	742.500
5839	742.700
5412	743.300
5556	743.300
5786	743.400
5445	743.500
5634	743.500
5872	743.500
5546	743.600
5726	743.600
5529	743.700
5620	743.700
5545	743.800
5844	744.100
5432	744.200
5436	744.300
5632	744.600
5780	744.600
5860	744.600
5519	744.900
5784	744.900
5661	745.000
5763	745.000
5700	745.100
5490	745.200
5696	745.200
5715	745.200
5694	745.300
5530	745.400
5742	745.500
5827	745.500
5550	745.900
5567	745.900
5626	746.000
5734	746.000
5515	746.100
5478	746.200
5483	746.200
5649	746.200
5663	746.200
5709	746.300
5732	746.300
5593	746.400
5448	746.500
5598	746.500
5771	746.500
5868	747.700
5464	748.300
5671	748.500
5603	748.600
5580	748.700
5646	749.000
5488	749.200
5395	749.300
5727	749.500
5729	749.600
5614	749.700
5797	750.300
5636	750.600
5677	750.600
5785	751.100
5737	751.900
5819	751.900
5542	752.600
5789	755.000
5466	756.100
5841	757.000
5675	758.400
5631	760.100
5417	762.600
5397	762.800
5769	764.200
5650	764.700
5627	765.200
5664	765.200
5746	765.500
5871	765.900
5401	766.100
5683	766.700
5850	766.800
5682	766.900
5524	767.400
5814	767.400
5713	767.500
5596	767.600
5424	767.700
5624	767.700
5550	767.800
5605	768.000
5630	768.100
5749	768.400
5744	768.500
5557	768.900
5487	769.000
5710	769.100
5714	769.200
5724	769.200
5652	769.400
5473	769.600
5651	769.700
5492	769.800
5734	769.900
5813	770.600
5519	771.000
5741	771.300
5859	771.300
5476	771.400
5669	771.900
5835	772.100
5543	773.200
5598	773.300
5808	773.500
5869	773.600
5694	773.900
5870	774.000
5803	775.100
5427	775.800
5677	777.000
5545	778.700
5475	779.300
5509	780.900
5716	781.400
5611	782.100
5541	782.900
5398	783.000
5577	783.200
5774	783.300
5831	783.500
5623	783.800
5496	784.100
5445	784.400
5454	784.700
5500	784.900
5786	784.900
5492	785.000
5680	785.100
5544	785.300
5718	785.300
5803	785.500
5797	786.700
5396	787.300
5547	787.300
5598	787.800
5490	788.100
5757	788.300
5705	788.400
5825	788.500
5656	788.700
5773	789.000
5474	789.100
5537	789.100
5466	789.200
5451	789.600
5867	789.600
5726	790.100
5730	790.200
5836	790.200
5572	790.300
5871	790.300
5754	790.400
5751	790.500
5602	790.700
5785	790.800
5477	790.900
5637	791.000
5788	791.300
5472	791.400
5467	791.600
5653	791.700
5432	791.800
5659	791.900
5507	792.100
5642	792.100
5852	792.100
5526	792.200
5438	792.400
5646	792.400
5442	792.500
5446	792.500
5449	792.900
5423	793.400
5759	793.400
5624	794.200
5460	794.400
5532	794.700
5429	794.800
5401	796.400
5556	797.200
5397	797.300
5750	797.300
5688	797.500
5511	797.700
5486	799.200
5740	799.500
5481	800.200
5714	800.700
5692	801.000
5488	802.000
5822	802.400
5655	803.500
5802	804.000
5519	805.100
5634	805.300
5812	805.600
5796	805.700
5551	805.800
5873	806.200
5702	806.400
5706	806.400
5876	806.400
5631	806.700
5478	806.800
5761	806.900
5498	807.600
5786	807.600
5514	807.700
5755	808.000
5489	808.100
5430	808.400
5395	808.500
5447	808.500
5499	808.700
5850	808.800
5735	809.000
5590	809.100
5612	809.100
5418	809.200
5733	809.300
5476	809.400
5693	809.800
5534	810.000
5639	810.000
5678	810.000
5638	810.100
5864	810.400
5535	810.500
5512	810.700
5513	810.700
5434	810.900
5559	811.000
5401	811.100
5543	811.100
5588	811.100
5745	811.200
5416	811.400
5516	811.400
5568	811.400
5835	811.400
5746	811.500
5616	811.600
5426	811.700
5529	811.700
5626	812.100
5392	812.400
5443	812.400
5446	812.400
5826	812.600
5591	812.700
5624	812.700
5507	812.800
5872	813.400
5776	813.500
5448	814.500
5661	816.300
5486	816.500
5475	816.900
5677	818.000
5721	819.200
5818	819.400
5687	820.500
5531	820.700
5573	820.700
5649	820.800
5437	821.000
5655	821.300
5403	821.400
5546	821.400
5724	821.400
5470	821.500
5603	821.500
5666	821.700
5694	821.800
5641	822.100
5871	822.300
5524	822.400
5690	822.800
5870	822.900
5720	823.200
5736	823.400
5795	824.200
5564	824.800
5652	825.300
5660	826.600
5566	828.600
5582	829.100
5539	831.200
5503	831.300
5676	831.900
5689	831.900
5831	832.200
5826	832.500
5814	832.600
5786	833.100
5859	833.600
5439	834.100
5523	834.200
5451	834.600
5817	834.900
5832	835.400
5614	835.500
5480	835.900
5404	836.100
5507	836.500
5860	836.700
5776	837.000
5874	837.900
5868	838.700
5447	838.800
5740	838.900
5749	839.000
5713	839.300
5576	839.500
5850	839.600
5522	841.200
5705	841.900
5844	842.100
5498	842.700
5680	842.700
5642	843.000
5682	843.000
5761	844.700
5723	844.800
5504	845.500
5830	846.400
5442	846.600
5779	846.600
5437	847.400
5533	847.700
5741	847.900
5809	848.000
5560	848.400
5532	848.500
5772	849.300
5496	849.400
5739	850.000
5419	850.500
5509	850.600
5412	850.700
5553	851.200
5416	851.500
5793	851.500
5402	851.600
5524	851.600
5446	851.700
5564	851.700
5803	851.700
5619	851.900
5732	851.900
5417	852.000
5839	852.000
5500	852.300
5594	852.300
5848	852.300
5777	852.500
5454	852.700
5704	852.700
5518	853.000
5786	853.000
5852	853.000
5663	853.100
5602	853.500
5719	853.600
5696	853.700
5461	853.800
5667	853.800
5685	854.000
5853	854.100
5807	854.300
5661	854.500
5730	854.500
5435	854.800
5652	854.800
5415	854.900
5805	854.900
5628	855.000
5678	855.100
5525	855.200
5635	855.500
5796	855.500
5491	855.600
5396	855.700
5537	855.900
5400	856.000
5600	856.000
5620	856.000
5636	856.200
5819	856.300
5751	856.500
5769	856.500
5709	856.800
5767	856.900
5431	857.100
5700	857.100
5710	857.100
5712	857.100
5808	857.100
5716	857.400
5515	857.500
5867	857.900
5744	858.000
5831	858.200
5871	858.200
5539	859.300
5869	859.500
5718	860.600
5775	861.200
5741	864.500
5507	865.900
5749	870.300
5702	871.100
5595	873.700
5629	873.700
5721	874.700
5581	874.800
5642	875.100
5783	875.300
5836	875.300
5411	875.700
5669	875.700
5476	875.800
5653	875.800
5704	875.800
5686	876.200
5833	876.200
5874	876.200
5423	876.500
5598	876.500
5603	876.700
5643	876.700
5679	876.700
5734	876.700
5484	876.800
5556	876.900
5527	877.200
5486	877.400
5436	877.500
5870	877.600
5535	877.700
5499	878.000
5698	878.300
5648	878.500
5421	878.600
5490	878.700
5536	878.700
5547	878.700
5709	878.700
5818	878.700
5474	878.900
5465	879.100
5744	879.100
5516	879.200
5408	879.300
5409	880.300
5705	887.300
5637	888.400
5835	888.900
5600	889.000
5855	889.100
5442	890.300
5732	891.800
5511	892.100
5564	892.200
5500	892.300
5649	892.300
5701	892.300
5826	892.300
5635	892.400
5862	892.600
5688	892.800
5751	892.800
5790	892.900
5401	893.100
5735	893.300
5463	893.400
5681	893.600
5529	893.900
5538	893.900
5824	893.900
5836	894.200
5524	894.300
5860	894.300
5657	894.400
5472	894.600
5479	894.600
5520	894.600
5570	894.700
5664	894.700
5543	895.000
5740	895.100
5440	895.300
5742	895.400
5426	895.700
5661	895.900
5782	896.200
5623	896.300
5784	896.300
5755	896.400
5589	896.600
5522	896.700
5400	896.800
5658	897.000
5789	897.000
5809	897.100
5708	897.200
5441	897.400
5519	897.500
5807	897.700
5613	897.800
5651	898.000
5569	898.100
5736	898.200
5630	898.500
5530	898.900
5546	899.200
5785	899.600
5481	899.800
5397	900.300
5438	900.600
5610	900.900
5392	901.500
5615	901.500
5642	902.100
5712	902.400
5831	902.600
5694	903.100
5437	903.700
5786	903.700
5644	903.800
5753	903.800
5853	904.300
5622	905.200
5734	905.500
5769	906.300
5838	906.800
5479	907.600
5748	908.000
5864	908.200
5439	908.600
5502	908.800
5828	908.800
5652	909.300
5616	909.600
5423	909.700
5525	910.700
5856	912.800
5493	913.600
5556	913.600
5647	915.500
5427	915.900
5445	916.300
5497	916.400
5550	917.000
5772	917.200
5425	917.400
5858	917.400
5490	917.600
5756	917.800
5718	917.900
5587	918.000
5804	919.100
5572	919.300
5640	920.200
5517	920.400
5708	920.400
5743	920.500
5698	920.800
5522	921.000
5551	922.000
5537	922.200
5471	922.400
5799	922.500
5618	922.600
5691	922.800
5432	923.000
5446	923.000
5507	923.200
5594	923.800
5422	924.500
5709	924.600
5857	925.500
5505	925.600
5637	926.500
5459	926.600
5842	926.700
5532	926.800
5866	927.400
5795	927.500
5653	927.600
5838	927.700
5811	928.300
5465	928.400
5631	928.400
5604	928.600
5460	928.700
5780	928.700
5519	928.800
5828	929.600
5428	929.700
5823	930.000
5714	930.100
5475	930.400
5525	930.400
5751	930.800
5814	931.300
5568	931.600
5822	931.800
5439	932.300
5559	932.900
5727	933.200
5711	933.800
5870	933.800
5506	934.100
5692	934.400
5786	934.900
5603	935.100
5767	935.100
5518	935.300
5540	935.300
5577	935.700
5472	936.100
5674	936.200
5404	936.400
5554	936.500
5556	936.500
5482	937.100
5623	937.400
5663	937.600
5501	938.000
5401	938.400
5755	938.400
5749	938.800
5639	939.500
5843	939.900
5437	941.500
5760	941.600
5560	942.000
5492	942.200
5664	942.200
5871	942.300
5468	942.800
5656	943.000
5557	943.100
5588	943.600
5864	943.600
5630	943.700
5710	943.700
5403	943.800
5572	943.800
5690	944.000
5563	944.300
5429	944.400
5682	944.500
5561	944.600
5513	944.800
5713	944.800
5545	944.900
5776	945.000
5543	945.300
5679	945.700
5702	945.700
5564	945.800
5872	945.800
5476	945.900
5490	946.000
5832	946.100
5653	946.700
5678	946.800
5576	947.000
5738	947.100
5798	947.200
5746	947.300
5720	947.500
5793	948.100
5784	948.200
5705	948.300
5747	948.300
5761	948.900
5844	951.400
5482	953.400
5475	954.900
5866	955.200
5825	955.300
5875	955.400
5394	956.300
5532	956.400
5772	957.100
5650	957.200
5421	957.300
5618	957.300
5405	957.400
5819	957.600
5412	957.800
5651	958.800
5417	959.400
5515	959.500
5652	959.700
5700	959.800
5542	960.900
5860	960.900
5408	961.500
5665	961.500
5497	962.100
5478	962.900
5480	963.600
5713	964.700
5712	965.300
5686	965.500
5876	965.500
5551	965.800
5471	965.900
5445	966.200
5750	966.500
5839	966.900
5634	967.200
5874	967.200
5573	967.300
5535	967.400
5735	967.500
5490	968.600
5574	968.600
5560	968.700
5771	969.100
5660	969.500
5696	970.200
5749	970.300
5448	970.900
5545	971.600
5430	971.800
5809	973.100
5627	973.400
5498	973.700
5496	974.700
5528	974.700
5434	974.800
5443	976.200
5423	977.600
5602	979.600
5513	979.800
5737	979.800
5572	980.900
5547	981.300
5808	981.700
5451	982.200
5526	982.200
5594	982.400
5656	982.500
5807	982.500
5754	982.600
5519	982.900
5648	982.900
5767	983.000
5530	983.400
5611	983.600
5488	983.700
5399	983.800
5626	983.800
5546	983.900
5623	984.100
5642	984.200
5577	984.300
5778	984.300
5658	984.400
5713	984.800
5503	984.900
5481	986.100
5400	986.600
5867	986.800
5859	986.900
5490	987.500
5724	988.500
5738	988.700
5756	988.900
5537	989.000
5444	989.300
5448	989.400
5866	989.400
5646	989.800
5501	990.200
5723	990.200
5791	990.300
5459	990.600
5813	990.700
5666	990.900
5710	990.900
5483	991.000
5786	991.100
5844	991.100
5850	991.100
5868	991.400
5616	991.500
5446	991.600
5468	991.600
5485	991.600
5536	991.800
5518	992.100
5482	992.200
5600	992.200
5755	992.200
5828	992.600
5460	992.900
5798	992.900
5495	993.000
5833	993.100
5745	993.300
5478	993.900
5568	993.900
5771	994.100
5437	994.300
5649	994.300
5655	994.300
5718	994.300
5507	994.400
5736	994.400
5426	995.400
5476	995.500
5750	995.500
5435	995.600
5785	996.000
5531	997.000
5712	997.200
5726	997.200
5621	997.300
5814	997.600
5805	998.300
5694	998.600
5837	998.600
5815	999.600
5630	1000.300
5638	1000.400
5792	1000.400
5662	1000.600
5440	1000.900
5660	1001.300
5586	1002.100
5698	1003.300
5475	1003.400
5487	1003.600
5555	1003.600
5618	1004.200
5436	1005.500
5512	1005.600
5742	1005.600
5730	1005.900
5714	1006.500
5530	1006.600
5522	1007.000
5532	1007.100
5496	1007.200
5627	1007.600
5543	1007.700
5743	1008.000
5853	1008.700
5601	1009.000
5515	1009.200
5544	1009.200
5408	1009.400
5439	1009.600
5874	1009.600
5826	1009.800
5713	1009.900
5396	1010.500
5624	1010.500
5751	1010.500
5598	1010.700
5823	1010.700
5572	1010.800
5700	1011.100
5728	1011.100
5693	1011.200
5501	1011.500
5780	1011.500
5413	1011.700
5483	1011.700
5820	1012.200
5397	1012.700
5511	1012.900
5734	1013.600
5775	1014.300
5784	1015.100
5782	1015.200
5835	1015.800
5679	1016.100
5471	1017.100
5578	1017.100
5867	1017.600
5640	1017.900
5525	1018.300
5560	1019.000
5790	1019.100
5490	1019.400
5448	1019.500
5549	1019.800
5401	1020.200
5443	1020.400
5478	1021.500
5819	1023.000
5537	1023.100
5577	1023.100
5736	1023.500
5761	1023.800
5801	1023.800
5814	1023.800
5420	1024.200
5809	1024.500
5870	1024.600
5598	1024.800
5839	1025.000
5546	1025.400
5405	1025.500
5796	1025.600
5426	1025.700
5642	1026.100
5651	1026.200
5477	1026.300
5696	1026.300
5564	1026.500
5592	1026.500
5859	1026.700
5688	1026.900
5647	1027.300
5739	1027.400
5568	1027.600
5529	1027.800
5502	1028.000
5504	1028.200
5468	1028.400
5731	1028.400
5551	1028.800
5554	1028.800
5852	1029.000
5558	1029.600
5720	1030.000
5778	1030.400
5843	1030.500
5708	1030.900
5716	1031.200
5534	1031.300
5440	1031.400
5685	1031.600
5710	1032.500
5785	1035.800
5489	1036.400
5813	1037.300
5816	1037.300
5503	1037.500
5795	1038.700
5595	1041.100
5516	1041.500
5831	1042.900
5566	1043.000
5656	1043.400
5519	1044.000
5874	1045.100
5521	1045.400
5490	1045.500
5550	1045.500
5698	1045.700
5757	1045.800
5870	1045.900
5767	1046.200
5404	1046.400
5818	1046.600
5826	1048.700
5616	1050.300
5458	1051.200
5542	1051.300
5479	1051.400
5524	1051.400
5824	1051.500
5437	1052.600
5640	1052.700
5582	1053.000
5814	1053.200
5439	1053.900
5876	1054.600
5535	1054.700
5481	1054.900
5563	1055.000
5546	1055.100
5835	1055.200
5652	1055.600
5577	1055.700
5786	1055.700
5424	1055.900
5574	1055.900
5737	1056.100
5873	1056.600
5501	1056.800
5819	1056.900
5609	1057.600
5696	1058.100
5632	1058.400
5722	1058.400
5474	1058.600
5538	1058.700
5680	1059.000
5872	1059.100
5442	1059.400
5447	1059.500
5504	1061.500
5566	1062.500
5853	1063.100
5785	1064.500
5656	1066.100
5839	1066.300
5850	1066.600
5512	1066.700
5401	1067.400
5710	1067.400
5583	1067.800
5499	1067.900
5688	1068.500
5541	1068.600
5822	1068.700
5551	1068.800
5505	1068.900
5629	1068.900
5868	1069.000
5466	1069.300
5490	1069.300
5658	1069.500
5874	1069.600
5679	1069.700
5771	1069.700
5431	1069.800
5682	1069.800
5462	1069.900
5444	1070.000
5479	1070.200
5725	1070.300
5806	1070.300
5511	1070.400
5392	1070.500
5585	1070.600
5426	1070.700
5529	1070.700
5695	1070.900
5860	1071.000
5758	1071.100
5631	1071.400
5836	1071.500
5451	1071.600
5562	1071.700
5742	1071.800
5446	1071.900
5448	1072.100
5478	1072.100
5640	1072.300
5724	1072.400
5556	1072.600
5565	1072.600
5814	1072.600
5818	1072.700
5568	1072.800
5570	1072.800
5661	1073.000
5516	1073.100
5786	1073.300
5437	1073.400
5672	1073.400
5739	1073.500
5849	1073.500
5691	1073.700
5782	1074.000
5534	1074.300
5641	1074.500
5435	1074.600
5472	1074.600
5486	1074.600
5694	1074.900
5866	1074.900
5777	1075.000
5844	1075.000
5531	1075.100
5590	1075.100
5564	1075.200
5815	1075.500
5707	1076.100
5419	1076.200
5566	1076.200
5797	1076.200
5722	1076.300
5753	1076.300
5572	1076.500
5600	1076.500
5406	1076.800
5848	1077.100
5853	1077.100
5856	1077.100
5765	1077.200
5645	1077.300
5465	1077.400
5833	1077.400
5579	1077.600
5663	1077.600
5855	1077.700
5394	1077.800
5428	1077.900
5464	1078.100
5875	1078.100
5507	1078.200
5553	1078.200
5482	1078.300
5787	1078.300
5718	1078.600
5770	1078.700
5651	1078.800
5643	1079.000
5655	1079.200
5667	1079.900
5536	1080.000
5804	1080.500
5617	1080.600
5780	1081.400
5442	1085.200
5859	1085.200
5396	1086.100
5417	1086.500
5729	1087.300
5740	1088.200
5545	1088.300
5861	1088.300
5831	1088.600
5874	1089.000
5789	1089.100
5768	1089.400
5799	1090.100
5624	1090.200
5755	1090.200
5679	1090.300
5699	1090.900
5399	1091.800
5619	1093.800
5657	1094.000
5736	1094.300
5418	1094.800
5400	1095.400
5737	1095.800
5873	1096.300
5421	1096.800
5544	1096.800
5824	1096.900
5414	1097.200
5524	1097.200
5547	1097.400
5470	1097.500
5533	1097.500
5449	1097.700
5835	1097.700
5615	1097.800
5425	1098.000
5638	1098.000
5633	1098.200
5422	1098.400
5794	1098.400
5487	1098.500
5539	1098.500
5465	1098.700
5819	1098.700
5420	1098.800
5853	1098.900
5834	1099.000
5492	1099.200
5409	1099.400
5518	1099.400
5776	1099.400
5407	1099.500
5484	1099.600
5477	1099.700
5712	1099.700
5723	1099.700
5493	1099.800
5718	1099.800
5488	1100.000
5482	1100.100
5457	1100.200
5605	1100.300
5453	1100.400
5410	1100.500
5490	1101.400
5745	1101.700
5710	1101.800
5412	1102.400
5634	1102.400
5713	1103.100
5670	1103.200
5602	1103.600
5466	1104.000
5839	1104.000
5743	1105.100
5822	1105.100
5479	1105.200
5830	1105.400
5601	1106.900
5546	1107.000
5489	1107.600
5867	1109.000
5838	1109.400
5442	1110.500
5447	1110.800
5554	1114.400
5771	1115.500
5872	1115.800
5542	1116.000
5671	1116.800
5541	1116.900
5512	1117.000
5598	1118.300
5404	1119.500
5458	1119.500
5534	1119.500
5429	1119.700
5643	1120.000
5557	1120.100
5730	1121.100
5580	1121.300
5432	1121.600
5828	1121.600
5735	1121.700
5583	1121.800
5742	1121.800
5575	1121.900
5631	1121.900
5444	1122.000
5445	1122.000
5486	1122.200
5550	1122.200
5663	1122.300
5667	1122.400
5668	1122.600
5564	1122.800
5400	1123.000
5525	1123.000
5841	1123.000
5727	1123.600
5618	1124.800
5438	1124.900
5775	1125.000
5811	1125.100
5507	1125.600
5720	1125.700
5843	1126.000
5795	1126.200
5857	1126.200
5508	1126.600
5460	1126.700
5434	1126.800
5866	1126.800
5846	1126.900
5499	1127.200
5555	1127.200
5593	1127.500
5546	1127.800
5734	1128.100
5808	1129.800
5693	1131.200
5695	1132.600
5629	1133.500
5569	1133.600
5637	1134.100
5786	1134.800
5578	1136.000
5874	1136.200
5446	1137.400
5818	1137.800
5728	1138.300
5658	1138.400
5646	1138.900
5872	1139.500
5778	1139.700
5769	1139.800
5419	1140.000
5682	1140.000
5558	1140.600
5633	1141.400
5647	1141.700
5787	1142.400
5490	1142.500
5572	1142.900
5631	1143.100
5477	1143.200
5775	1143.300
5790	1143.500
5450	1143.800
5466	1144.200
5483	1144.300
5712	1144.600
5513	1144.700
5856	1145.000
5520	1145.300
5471	1145.800
5642	1146.100
5866	1146.200
5746	1146.300
5814	1146.300
5464	1146.500
5482	1146.500
5480	1146.800
5526	1146.900
5518	1147.400
5748	1147.800
5722	1148.000
5559	1148.100
5630	1148.300
5398	1148.400
5567	1148.400
5663	1148.500
5637	1148.600
5434	1148.800
5660	1148.800
5670	1148.800
5629	1149.600
5603	1149.900
5550	1150.000
5875	1150.100
5773	1150.200
5418	1150.900
5636	1151.300
5714	1151.900
5741	1153.500
5624	1153.900
5437	1154.000
5564	1154.400
5843	1154.600
5692	1154.900
5789	1155.600
5545	1155.700
5551	1155.700
5439	1155.800
5859	1156.300
5780	1156.500
5461	1156.600
5530	1156.800
5804	1156.800
5571	1156.900
5491	1157.000
5510	1157.000
5512	1157.200
5556	1158.900
5412	1159.000
5754	1159.800
5785	1160.500
5524	1160.600
5853	1160.900
5867	1161.700
5718	1163.400
5546	1163.700
5481	1163.900
5487	1164.400
5727	1164.600
5401	1164.800
5405	1166.000
5638	1166.100
5852	1166.400
5693	1167.000
5742	1167.800
5521	1168.200
5870	1168.300
5448	1168.800
5420	1169.200
5769	1169.600
5482	1170.000
5876	1170.000
5621	1170.700
5662	1170.700
5871	1170.900
5831	1171.800
5821	1172.500
5643	1173.100
5615	1173.200
5760	1173.700
5687	1174.300
5564	1174.400
5731	1175.000
5642	1175.600
5565	1175.700
5477	1175.800
5738	1176.000
5438	1176.200
5688	1176.400
5835	1176.600
5710	1176.700
5469	1176.800
5561	1177.000
5395	1177.400
5466	1178.000
5499	1178.000
5404	1179.500
5696	1181.300
5543	1181.900
5547	1182.100
5570	1182.100
5867	1184.200
5598	1185.200
5468	1185.300
5516	1185.700
5672	1185.700
5456	1185.800
5541	1186.500
5426	1187.000
5728	1187.200
5422	1187.300
5761	1187.300
5650	1187.500
5726	1188.400
5585	1188.600
5400	1188.900
5812	1188.900
5814	1189.200
5491	1189.700
5685	1189.700
5762	1189.700
5846	1189.900
5412	1190.500
5487	1190.500
5630	1190.500
5406	1190.600
5439	1190.700
5424	1190.800
5720	1190.800
5600	1190.900
5850	1191.000
5652	1191.500
5805	1192.100
5820	1192.500
5603	1192.700
5690	1192.700
5832	1193.100
5596	1193.800
5417	1194.200
5663	1194.200
5625	1194.300
5686	1194.500
5692	1194.600
5605	1194.700
5801	1194.700
5635	1194.900
5501	1195.100
5653	1195.100
5826	1195.200
5629	1195.500
5523	1195.600
5546	1195.800
5532	1195.900
5438	1196.000
5447	1196.100
5809	1196.200
5604	1196.300
5500	1196.400
5776	1196.400
5495	1196.500
5511	1196.500
5564	1196.500
5408	1196.600
5813	1196.600
5679	1196.700
5859	1196.800
5398	1196.900
5404	1197.000
5445	1197.100
5490	1197.100
5560	1197.200
5592	1197.200
5771	1197.300
5849	1197.300
5590	1197.600
5434	1197.900
5537	1197.900
5664	1197.900
5742	1197.900
5486	1198.000
5828	1198.200
5790	1198.300
5496	1198.400
5786	1198.400
5479	1198.600
5854	1198.700
5555	1199.500
5612	1199.900
5515	1200.600
5411	1200.700
5448	1200.700
5865	1201.300
5572	1201.500
5582	1201.600
5797	1201.800
5656	1201.900
5702	1201.900
5678	1202.000
5403	1202.100
5557	1202.500
5587	1202.500
5707	1202.500
5756	1202.500
5402	1202.600
5608	1203.100
5773	1203.300
5780	1203.500
5647	1204.300
5691	1210.100
5525	1210.500
5715	1210.700
5858	1211.100
5559	1211.500
5866	1212.400
5583	1212.600
5571	1212.700
5459	1212.800
5708	1213.100
5622	1213.500
5499	1213.800
5556	1213.800
5475	1214.700
5712	1214.800
5670	1215.300
5844	1215.300
5421	1215.700
5860	1215.700
5419	1215.800
5859	1215.900
5640	1216.100
5823	1216.100
5745	1216.300
5519	1216.400
5870	1216.400
5400	1217.000
5501	1217.300
5741	1217.400
5663	1217.500
5422	1217.600
5551	1217.600
5457	1217.700
5443	1217.800
5544	1218.400
5631	1218.700
5662	1219.100
5850	1219.100
5485	1219.700
5676	1219.700
5486	1219.900
5770	1219.900
5720	1221.900
5504	1223.500
5626	1223.500
5771	1223.900
5440	1224.900
5456	1225.300
5867	1225.800
5553	1225.900
5832	1226.200
5821	1226.500
5437	1226.600
5659	1226.600
5573	1226.900
5597	1227.100
5846	1227.500
5875	1228.400
5795	1228.900
5786	1229.000
5496	1229.400
5745	1230.000
5808	1230.100
5819	1230.200
5546	1230.500
5814	1230.700
5492	1231.000
5458	1231.200
5733	1231.700
5699	1231.900
5602	1232.100
5495	1232.300
5395	1233.000
5700	1233.000
5649	1233.300
5671	1233.300
5796	1233.500
5660	1233.900
5472	1234.100
5488	1234.300
5544	1235.100
5580	1235.100
5470	1235.200
5594	1235.900
5466	1236.200
5869	1236.300
5503	1236.400
5507	1237.300
5722	1239.000
5823	1241.200
5793	1241.300
5453	1241.600
5402	1242.300
5394	1242.900
5840	1242.900
5512	1243.300
5769	1243.400
5784	1243.500
5874	1243.700
5450	1244.100
5701	1244.600
5690	1245.200
5436	1245.500
5848	1245.500
5549	1246.200
5397	1246.700
5719	1246.900
5464	1247.000
5680	1247.200
5735	1247.400
5813	1247.800
5567	1247.900
5657	1248.400
5808	1248.400
5589	1248.600
5864	1249.400
5400	1249.800
5747	1250.100
5710	1250.200
5714	1250.200
5478	1250.400
5712	1251.500
5749	1251.500
5564	1252.200
5547	1252.400
5703	1252.400
5841	1252.600
5618	1252.900
5834	1252.900
5475	1253.100
5844	1253.300
5742	1253.800
5750	1254.600
5777	1254.700
5638	1254.900
5498	1255.300
5824	1256.400
5572	1257.200
5803	1259.300
5543	1259.500
5626	1260.600
5539	1261.200
5776	1262.000
5573	1262.400
5646	1262.700
5598	1263.900
5605	1264.600
5764	1266.000
5405	1266.400
5756	1266.500
5713	1267.300
5610	1267.400
5621	1267.900
5612	1268.000
5705	1268.000
5856	1268.000
5557	1268.200
5480	1268.700
5527	1268.700
5459	1268.800
5780	1268.800
5421	1268.900
5828	1269.000
5716	1269.200
5456	1269.300
5392	1269.400
5616	1269.600
5708	1269.600
5832	1270.400
5754	1270.500
5790	1270.700
5568	1271.300
5631	1271.400
5439	1271.600
5396	1271.900
5556	1271.900
5700	1271.900
5876	1272.100
5867	1272.200
5619	1273.000
5816	1273.000
5814	1273.400
5869	1273.400
5767	1273.900
5859	1274.100
5442	1274.700
5662	1274.700
5409	1275.700
5782	1275.800
5680	1275.900
5806	1276.100
5551	1276.200
5805	1276.200
5595	1276.800
5761	1276.900
5871	1276.900
5585	1277.000
5630	1277.000
5726	1277.200
5819	1277.400
5679	1277.500
5715	1277.600
5836	1277.800
5641	1277.900
5434	1278.300
5591	1278.900
5860	1279.100
5499	1279.500
5614	1279.900
5516	1280.200
5853	1280.500
5795	1281.600
5419	1281.900
5696	1282.100
5547	1282.500
5564	1282.600
5813	1282.700
5671	1283.700
5656	1284.300
5833	1284.600
5682	1285.500
5747	1285.700
5524	1289.800
5400	1290.000
5476	1290.000
5597	1290.100
5783	1290.800
5830	1291.200
5506	1291.500
5531	1291.600
5485	1291.800
5787	1292.800
5448	1293.900
5856	1294.100
5402	1294.200
5493	1294.200
5720	1294.300
5744	1294.300
5799	1294.900
5772	1295.500
5497	1295.600
5831	1295.600
5814	1296.700
5790	1297.100
5642	1297.200
5695	1297.900
5417	1298.000
5669	1298.400
5458	1298.600
5866	1298.700
5546	1299.800
5507	1300.100
5775	1300.600
5713	1300.700
5852	1300.700
5543	1301.000
5650	1301.300
5420	1301.600
5490	1301.800
5608	1301.800
5836	1301.800
5668	1301.900
5876	1301.900
5870	1302.100
5780	1302.300
5690	1302.400
5796	1302.400
5401	1302.500
5508	1302.500
5437	1302.700
5572	1302.800
5607	1302.900
5466	1303.000
5712	1303.000
5714	1303.100
5727	1303.100
5734	1303.300
5786	1303.400
5404	1303.600
5869	1303.600
5482	1303.700
5655	1303.800
5821	1303.800
5487	1304.000
5777	1304.200
5568	1304.300
5464	1304.400
5481	1304.400
5432	1304.500
5648	1304.500
5871	1304.500
5629	1304.600
5622	1304.700
5647	1304.800
5400	1304.900
5501	1305.000
5855	1305.000
5621	1305.100
5741	1305.100
5448	1305.200
5819	1305.200
5500	1305.300
5544	1305.300
5867	1305.300
5445	1305.400
5636	1305.700
5710	1305.700
5721	1305.700
5447	1305.900
5760	1306.000
5439	1306.100
5782	1306.500
5735	1306.600
5603	1306.900
5716	1307.100
5635	1307.200
5739	1307.200
5850	1307.300
5694	1307.400
5673	1307.500
5874	1307.500
5687	1307.600
5740	1307.900
5554	1308.100
5818	1308.100
5824	1308.200
5618	1308.300
5723	1309.900
5732	1310.000
5526	1311.900
5491	1314.500
5551	1314.800
5574	1315.700
5778	1316.600
5504	1317.500
5402	1317.600
5411	1318.000
5700	1318.200
5612	1318.800
5412	1319.300
5496	1319.400
5702	1319.400
5519	1320.100
5484	1320.200
5476	1320.400
5859	1320.800
5794	1320.900
5468	1321.000
5499	1321.400
5755	1321.400
5690	1321.700
5782	1321.700
5808	1321.900
5837	1322.000
5516	1322.100
5603	1322.100
5815	1322.700
5826	1322.700
5566	1322.800
5857	1322.900
5851	1323.200
5594	1323.300
5559	1323.400
5509	1323.500
5529	1323.500
5853	1323.700
5597	1323.800
5728	1323.900
5398	1324.000
5834	1324.200
5569	1324.300
5836	1324.300
5667	1324.400
5570	1324.500
5417	1324.600
5507	1324.600
5415	1324.700
5785	1324.700
5447	1324.800
5450	1324.800
5872	1324.800
5479	1324.900
5767	1325.000
5639	1325.100
5670	1325.100
5781	1325.200
5789	1325.200
5819	1325.200
5530	1325.300
5634	1325.400
5474	1325.500
5558	1325.700
5795	1325.700
5760	1325.800
5777	1325.800
5628	1326.000
5637	1326.000
5846	1326.000
5573	1326.100
5580	1326.100
5703	1326.200
5783	1326.200
5786	1326.200
5523	1326.300
5512	1326.400
5638	1326.500
5396	1326.600
5712	1326.600
5680	1327.200
5515	1329.600
5769	1329.800
5651	1330.100
5790	1330.600
5535	1333.100
5748	1333.800
5813	1334.100
5409	1334.300
5713	1334.800
5866	1335.000
5556	1335.100
5453	1335.300
5475	1335.500
5709	1335.500
5814	1335.500
5511	1335.700
5481	1335.800
5542	1336.000
5602	1336.100
5824	1336.200
5467	1336.500
5513	1336.500
5810	1336.500
5485	1336.600
5482	1336.800
5835	1336.800
5434	1336.900
5682	1337.000
5723	1337.200
5464	1337.300
5752	1337.300
5771	1337.300
5612	1337.500
5616	1337.500
5875	1337.800
5732	1337.900
5531	1338.600
5522	1339.000
5490	1339.200
5663	1339.600
5874	1339.700
5661	1340.200
5548	1341.400
5466	1342.100
5470	1342.300
5774	1343.400
5494	1343.600
5439	1344.000
5414	1345.300
5671	1346.200
5870	1346.200
5417	1346.700
5477	1347.100
5554	1347.200
5436	1347.600
5487	1348.200
5636	1348.300
5600	1348.800
5777	1349.600
5831	1349.600
5435	1349.700
5635	1350.400
5471	1350.500
5423	1350.800
5437	1351.200
5812	1351.200
5805	1351.400
5528	1351.700
5634	1351.700
5543	1351.900
5400	1352.400
5566	1352.500
5685	1352.700
5577	1354.500
5641	1354.900
5856	1355.200
5624	1355.400
5693	1355.700
5469	1356.700
5530	1356.900
5581	1357.000
5729	1357.300
5871	1357.700
5658	1357.800
5545	1358.100
5405	1358.200
5597	1358.300
5529	1358.600
5464	1358.900
5572	1359.300
5727	1359.400
5432	1359.500
5872	1359.500
5860	1359.700
5710	1359.800
5736	1360.100
5765	1360.100
5700	1360.200
5778	1360.200
5815	1360.800
5675	1361.300
5678	1361.300
5550	1361.400
5751	1361.700
5801	1362.600
5419	1363.100
5714	1363.100
5603	1363.200
5761	1365.200
5718	1366.000
5848	1367.100
5720	1368.900
5606	1370.600
5546	1371.200
5604	1372.100
5646	1372.200
5482	1372.400
5782	1372.800
5709	1373.600
5638	1374.100
5424	1374.400
5712	1374.700
5767	1375.000
5833	1375.200
5640	1375.400
5564	1376.600
5730	1377.400
5870	1377.700
5442	1377.900
5579	1378.100
5470	1378.600
5396	1379.000
5844	1379.600
5616	1379.700
5661	1380.300
5816	1380.400
5738	1381.400
5861	1381.700
5515	1382.100
5814	1382.700
5655	1382.900
5704	1383.100
5496	1383.300
5815	1383.500
5859	1383.500
5694	1383.600
5818	1383.600
5716	1384.400
5508	1384.700
5560	1384.700
5652	1384.700
5826	1385.200
5458	1385.400
5539	1386.000
5807	1386.000
5404	1387.000
5422	1387.000
5797	1387.000
5478	1387.100
5545	1387.400
5568	1388.000
5614	1388.100
5705	1388.100
5682	1388.200
5666	1388.400
5465	1388.500
5425	1388.800
5615	1388.800
5730	1389.100
5790	1389.200
5618	1389.300
5625	1389.500
5651	1389.500
5574	1389.900
5513	1390.400
5537	1390.500
5419	1390.700
5526	1391.200
5398	1391.600
5593	1391.700
5649	1391.900
5572	1392.000
5582	1392.300
5836	1392.900
5867	1393.700
5535	1394.300
5688	1394.800
5876	1395.000
5729	1395.100
5598	1395.700
5678	1395.700
5742	1395.900
5740	1396.200
5627	1397.000
5708	1397.200
5786	1397.500
5394	1397.800
5644	1399.400
5424	1399.500
5714	1399.500
5561	1399.900
5414	1400.000
5434	1400.000
5503	1400.000
5817	1400.100
5631	1400.300
5664	1400.300
5665	1400.300
5514	1400.400
5392	1400.700
5546	1400.700
5635	1401.400
5558	1401.500
5825	1401.500
5439	1401.600
5573	1401.600
5443	1401.700
5624	1401.700
5718	1401.700
5869	1401.700
5605	1401.800
5636	1401.800
5433	1401.900
5435	1401.900
5505	1401.900
5835	1402.000
5816	1402.400
5731	1403.400
5661	1403.600
5487	1404.300
5616	1404.300
5441	1404.900
5564	1405.900
5784	1406.400
5799	1406.400
5603	1407.000
5720	1407.000
5610	1407.200
5440	1408.500
5756	1408.600
5771	1408.600
5501	1410.200
5859	1410.800
5587	1411.200
5508	1411.600
5737	1411.800
5560	1413.000
5843	1413.000
5685	1413.100
5744	1413.200
5712	1413.300
5650	1413.400
5554	1413.600
5837	1413.700
5478	1414.000
5741	1414.100
5860	1414.100
5691	1414.300
5851	1414.500
5865	1415.000
5710	1415.200
5475	1415.300
5479	1415.500
5412	1415.600
5871	1415.700
5466	1416.400
5473	1416.400
5700	1416.400
5456	1416.500
5558	1416.500
5489	1416.600
5808	1417.500
5569	1417.600
5653	1417.800
5668	1417.800
5401	1418.200
5550	1418.400
5436	1418.700
5651	1418.900
5832	1418.900
5638	1419.100
5451	1419.200
5613	1419.200
5620	1419.200
5637	1419.400
5534	1420.000
5434	1420.300
5768	1420.300
5662	1420.500
5694	1420.600
5535	1421.000
5567	1421.600
5732	1422.100
5417	1422.900
5553	1422.900
5728	1423.600
5686	1423.800
5801	1423.800
5614	1424.500
5681	1424.500
5841	1424.800
5872	1425.100
5495	1425.300
5810	1425.400
5658	1425.800
5445	1425.900
5600	1426.200
5835	1426.600
5688	1427.000
5626	1427.100
5757	1427.200
5673	1427.400
5437	1427.900
5507	1427.900
5524	1427.900
5814	1427.900
5733	1428.700
5761	1428.700
5842	1428.700
5726	1428.800
5542	1429.000
5778	1429.100
5830	1429.100
5647	1429.200
5743	1429.400
5716	1429.900
5492	1430.000
5785	1430.100
5844	1431.100
5573	1431.500
5534	1431.800
5786	1432.300
5800	1433.600
5797	1434.900
5511	1435.900
5404	1440.500
5872	1441.500
5663	1442.500
5434	1442.900
5629	1442.900
5813	1443.500
5591	1443.700
5826	1443.800
5769	1443.900
5858	1444.200
5405	1444.400
5494	1444.700
5712	1444.900
5468	1445.000
5560	1445.000
5643	1445.100
5835	1445.300
5743	1445.400
5859	1445.400
5631	1445.500
5530	1445.800
5514	1446.000
5705	1446.000
5798	1446.100
5693	1446.400
5652	1446.700
5861	1446.900
5831	1447.300
5481	1447.700
5856	1447.800
5720	1447.900
5550	1448.700
5873	1448.700
5572	1448.900
5529	1450.000
5490	1450.100
5843	1450.100
5412	1451.100
5483	1451.400
5498	1451.600
5522	1451.600
5551	1451.900
5763	1452.000
5784	1452.000
5417	1452.400
5597	1452.500
5656	1453.500
5605	1454.400
5489	1454.800
5729	1455.400
5524	1456.700
5659	1457.000
5613	1457.900
5618	1458.800
5603	1460.200
5401	1460.400
5795	1460.600
5808	1460.700
5829	1461.300
5404	1461.400
5477	1462.300
5537	1462.800
5475	1463.600
5698	1463.600
5727	1463.700
5788	1464.600
5528	1464.900
5400	1465.500
5662	1465.700
5507	1466.000
5521	1466.100
5640	1466.400
5774	1468.000
5533	1468.100
5442	1468.300
5786	1468.500
5866	1468.500
5544	1468.600
5749	1468.700
5633	1469.200
5398	1469.300
5711	1469.800
5846	1469.900
5798	1470.100
5820	1470.300
5468	1470.400
5733	1470.400
5636	1470.500
5452	1470.800
5500	1471.000
5736	1471.000
5465	1471.100
5496	1471.100
5634	1471.200
5718	1471.400
5638	1471.600
5867	1471.600
5472	1471.700
5714	1471.700
5511	1471.800
5550	1471.900
5584	1472.400
5813	1472.600
5423	1472.700
5580	1472.700
5615	1472.900
5422	1473.200
5516	1473.800
5535	1473.900
5743	1474.200
5647	1474.300
5735	1476.100
5556	1476.200
5495	1476.600
5835	1477.300
5627	1477.900
5532	1478.100
5567	1479.000
5492	1479.300
5710	1479.500
5534	1479.600
5755	1479.700
5454	1480.200
5470	1481.100
5857	1481.300
5566	1481.900
5720	1482.000
5574	1482.600
5605	1482.900
5775	1483.300
5840	1483.300
5392	1483.900
5439	1484.200
5577	1484.700
5477	1484.900
5871	1484.900
5551	1485.200
5499	1485.600
5599	1486.200
5434	1488.100
5592	1488.100
5753	1488.900
5859	1489.400
5705	1489.500
5771	1489.900
5706	1490.000
5547	1491.700
5841	1491.700
5616	1491.800
5476	1492.000
5733	1492.200
5844	1492.500
5607	1492.900
5655	1493.300
5585	1493.500
5826	1493.500
5867	1493.600
5409	1493.800
5762	1494.300
5726	1494.500
5419	1495.300
5530	1495.300
5501	1495.900
5631	1496.000
5787	1496.600
5553	1497.100
5778	1497.300
5487	1497.900
5856	1498.100
5503	1498.400
5642	1498.900
5560	1499.600
