# NEST version: nest-3-microcircuit@555986536
# RecordingBackendASCII version: 2
sender	time_ms
5432	0.100
5649	0.100
5572	7.900
5627	9.700
5495	10.300
5789	10.300
5647	11.000
5816	11.100
5741	12.000
5451	12.200
5663	12.200
5517	12.300
5518	12.600
5418	12.800
5540	12.900
5756	12.900
5780	12.900
5542	13.000
5680	13.000
5395	13.200
5622	13.200
5849	13.200
5457	13.300
5548	13.400
5645	13.400
5515	13.500
5554	13.500
5459	13.800
5500	14.000
5401	14.200
5504	14.300
5528	14.300
5402	14.400
5455	14.400
5706	14.800
5700	15.200
5590	15.400
5612	15.400
5547	15.500
5721	15.500
5862	15.500
5446	15.600
5487	15.600
5628	15.600
5407	15.700
5425	15.700
5598	15.700
5601	15.700
5683	15.700
5694	15.700
5840	15.700
5410	15.800
5411	15.800
5746	15.800
5461	15.900
5543	15.900
5508	16.000
5626	16.000
5815	16.000
5558	16.200
5679	16.200
5743	16.200
5708	16.400
5824	16.400
5864	16.400
5655	16.500
5618	16.600
5858	16.700
5810	17.000
5791	17.200
5851	17.200
5443	17.300
5404	17.400
5440	17.400
5454	17.400
5415	17.600
5430	17.600
5760	17.600
5819	17.700
5606	17.800
5833	17.800
5804	17.900
5610	18.000
5845	18.400
5702	18.500
5749	18.700
5716	18.900
5697	20.000
5764	22.100
5854	25.400
5736	25.600
5569	25.800
5472	25.900
5785	25.900
5772	26.400
5580	26.500
5638	26.500
5623	27.400
5704	27.700
5406	28.200
5812	28.200
5668	28.500
5634	28.600
5510	29.000
5432	29.500
5729	29.500
5453	29.600
5617	29.800
5486	29.900
5433	30.000
5870	30.000
5450	30.200
5544	30.400
5636	30.500
5474	30.600
5434	30.800
5537	31.200
5653	31.400
5509	31.500
5397	31.800
5853	31.800
5843	32.000
5749	32.400
5529	32.600
5693	32.600
5527	32.700
5859	32.800
5499	32.900
5747	32.900
5519	33.100
5844	33.100
5855	33.100
5568	33.500
5835	33.500
5556	33.600
5766	33.700
5495	33.900
5713	33.900
5603	34.300
5748	34.500
5808	35.200
5524	35.300
5530	35.300
5846	35.300
5611	35.400
5659	35.700
5783	36.400
5503	36.800
5825	36.800
5564	37.400
5781	37.500
5592	37.600
5602	38.100
5727	38.100
5677	40.300
5478	41.000
5639	41.300
5667	42.000
5629	42.100
5454	42.200
5546	42.900
5798	43.300
5618	43.400
5717	43.600
5695	44.500
5549	44.900
5443	45.500
5481	45.700
5645	46.700
5405	47.800
5623	47.800
5487	47.900
5516	48.100
5543	48.400
5479	48.500
5540	48.600
5745	49.000
5604	49.300
5871	49.700
5757	49.800
5815	50.100
5704	50.400
5607	50.500
5537	50.600
5544	50.600
5756	50.700
5474	50.800
5510	50.800
5428	51.000
5475	51.000
5768	51.100
5444	51.200
5657	51.300
5706	51.300
5812	51.400
5418	51.600
5414	51.700
5614	51.700
5818	51.800
5509	52.000
5494	52.200
5860	52.300
5445	52.500
5746	52.600
5714	52.900
5722	53.100
5744	53.300
5670	53.700
5580	54.200
5724	54.900
5864	60.700
5601	60.800
5874	60.800
5499	61.400
5482	62.100
5551	62.200
5458	62.400
5817	62.400
5647	62.500
5430	63.600
5463	64.500
5522	64.900
5616	64.900
5392	65.000
5847	65.300
5525	65.400
5693	65.600
5799	65.900
5446	66.000
5758	66.700
5860	66.700
5583	67.100
5652	68.000
5692	68.500
5407	68.600
5831	68.600
5786	68.900
5412	69.000
5729	69.100
5703	69.200
5828	69.200
5769	69.300
5559	69.900
5752	69.900
5822	69.900
5791	70.200
5721	70.400
5401	70.700
5872	70.700
5584	70.900
5861	71.000
5572	71.100
5674	71.100
5683	71.100
5590	71.300
5679	71.300
5640	71.500
5843	71.500
5575	71.900
5629	71.900
5411	72.100
5685	72.200
5852	72.300
5705	72.500
5451	72.600
5424	72.900
5502	73.200
5500	73.800
5789	74.000
5478	74.200
5504	74.600
5669	74.700
5819	74.800
5615	75.000
5793	75.100
5667	75.300
5395	75.800
5818	75.900
5823	76.000
5659	76.300
5710	76.300
5812	76.500
5713	76.600
5431	76.700
5402	76.800
5547	76.800
5745	76.800
5694	77.100
5414	77.200
5684	77.200
5743	77.200
5393	77.400
5759	77.700
5546	77.800
5775	77.800
5422	77.900
5449	77.900
5657	78.000
5796	78.300
5460	78.500
5493	78.500
5426	78.600
5718	78.600
5537	78.700
5556	78.700
5803	78.700
5476	78.800
5405	78.900
5574	78.900
5699	78.900
5587	79.000
5488	79.100
5554	79.300
5678	79.300
5480	79.400
5505	79.400
5466	79.600
5434	79.700
5749	80.700
5623	80.900
5817	82.800
5704	83.100
5805	83.100
5719	83.300
5755	83.600
5614	84.100
5548	85.400
5524	85.600
5813	86.300
5599	86.800
5829	87.000
5652	87.100
5644	87.300
5442	87.400
5406	87.600
5576	87.800
5571	88.300
5467	88.400
5806	89.000
5840	89.200
5649	89.600
5429	89.900
5582	90.000
5420	90.100
5598	90.200
5785	90.800
5858	91.100
5808	91.300
5557	91.800
5418	91.900
5409	92.100
5564	92.100
5762	92.600
5811	92.600
5655	92.800
5424	93.100
5624	93.200
5863	93.200
5617	93.300
5566	93.500
5498	93.600
5637	93.600
5777	93.600
5491	93.700
5828	93.800
5776	94.100
5610	94.300
5459	94.600
5623	94.800
5746	94.900
5437	95.100
5727	95.200
5766	95.300
5555	95.400
5788	95.400
5572	95.500
5872	95.800
5832	96.000
5722	96.300
5484	96.700
5821	96.700
5553	97.900
5392	98.400
5837	98.600
5687	99.600
5428	99.800
5446	100.100
5651	100.600
5698	101.800
5580	101.900
5755	101.900
5534	102.000
5622	102.700
5401	102.800
5800	102.900
5735	103.400
5470	104.100
5834	104.200
5421	104.300
5597	104.600
5646	104.800
5724	105.000
5723	105.100
5493	105.200
5517	105.400
5790	105.400
5439	105.500
5739	105.500
5697	105.600
5717	105.700
5843	105.700
5853	105.900
5716	106.000
5635	106.100
5656	106.100
5403	106.200
5593	106.300
5713	106.300
5565	106.700
5626	106.700
5471	107.000
5527	107.100
5653	107.100
5812	107.100
5855	107.100
5579	107.300
5592	107.300
5547	107.600
5568	107.800
5871	108.000
5868	108.200
5686	108.300
5657	108.700
5815	108.700
5643	109.000
5692	109.900
5752	110.000
5596	111.000
5415	111.100
5675	111.500
5481	112.000
5787	112.100
5703	113.500
5732	114.800
5798	116.000
5573	116.500
5659	116.800
5665	117.300
5591	117.400
5491	117.700
5535	119.000
5835	119.300
5530	120.000
5845	120.800
5508	120.900
5414	121.500
5773	121.600
5406	122.100
5548	122.200
5628	122.300
5412	122.500
5426	122.500
5543	122.500
5661	122.600
5792	122.600
5825	122.800
5420	122.900
5813	123.100
5510	123.200
5771	123.200
5783	123.600
5554	124.000
5472	124.100
5700	124.400
5392	124.500
5799	124.600
5639	124.700
5574	125.000
5743	125.000
5751	125.000
5827	125.000
5585	125.100
5488	125.200
5473	125.300
5527	125.300
5539	125.300
5760	125.300
5859	125.400
5857	125.500
5675	125.900
5397	126.000
5764	126.000
5860	126.300
5729	126.500
5842	126.500
5614	126.600
5660	126.600
5613	126.900
5745	126.900
5716	127.000
5600	127.400
5841	127.400
5478	127.500
5498	127.700
5590	127.700
5627	128.300
5586	128.500
5676	128.500
5476	128.800
5537	129.200
5612	129.700
5812	132.300
5644	133.700
5678	133.800
5524	134.300
5702	134.300
5733	134.400
5432	134.600
5854	135.700
5487	135.800
5559	135.800
5765	136.400
5787	136.600
5619	136.800
5819	137.000
5424	137.100
5608	137.500
5724	137.500
5757	137.600
5868	138.000
5840	138.100
5490	138.500
5510	139.900
5392	140.200
5449	140.200
5616	140.500
5502	140.600
5717	141.100
5637	141.600
5716	142.100
5450	142.200
5544	143.800
5738	144.500
5756	144.700
5818	144.700
5677	145.400
5459	145.500
5521	145.900
5414	146.100
5815	146.400
5796	147.300
5862	147.300
5793	148.200
5403	148.400
5442	149.400
5713	149.700
5750	150.400
5407	150.600
5732	150.600
5718	150.700
5491	151.100
5412	152.100
5624	152.200
5847	152.600
5798	152.800
5568	153.200
5506	153.600
5480	153.700
5785	154.900
5794	155.600
5444	155.700
5866	155.800
5871	155.800
5563	155.900
5665	156.800
5805	156.800
5481	156.900
5840	157.000
5870	157.000
5598	157.400
5808	157.500
5547	157.900
5446	158.300
5807	158.900
5770	159.400
5615	159.800
5778	159.800
5517	160.100
5390	160.200
5499	160.500
5514	160.900
5719	161.000
5541	161.100
5590	161.100
5441	161.200
5558	161.200
5686	161.300
5758	161.300
5599	161.400
5746	161.400
5397	161.600
5811	161.800
5814	161.800
5515	162.000
5401	162.200
5482	162.200
5643	162.200
5404	162.300
5430	162.300
5469	162.400
5874	162.900
5640	163.000
5646	163.200
5659	163.200
5825	163.200
5863	163.200
5872	163.200
5628	163.300
5819	163.300
5705	163.400
5476	163.600
5582	163.700
5818	163.700
5424	163.900
5724	163.900
5829	163.900
5587	164.000
5619	164.000
5415	164.100
5488	164.100
5456	164.200
5548	164.200
5408	164.400
5831	164.400
5427	164.500
5413	165.000
5545	165.100
5618	165.100
5400	165.200
5573	165.200
5614	165.300
5571	165.400
5435	165.500
5691	165.500
5500	165.600
5717	165.800
5655	166.000
5828	166.600
5471	167.100
5579	167.500
5585	167.600
5734	167.600
5406	167.700
5743	167.800
5735	167.900
5553	168.400
5626	168.900
5780	169.700
5494	170.000
5678	171.300
5577	171.400
5744	171.800
5869	171.900
5554	172.300
5540	172.900
5447	173.100
5765	173.900
5773	174.800
5586	180.200
5629	180.300
5671	180.600
5832	180.600
5443	180.800
5450	181.000
5657	181.200
5603	181.400
5694	181.900
5715	182.300
5661	182.400
5623	182.700
5465	183.900
5424	184.000
5470	184.100
5549	184.100
5817	184.400
5509	184.500
5597	184.500
5392	184.700
5624	184.700
5864	184.700
5622	185.100
5639	185.600
5559	185.700
5519	185.800
5583	186.400
5698	186.400
5531	186.500
5652	186.500
5451	186.700
5493	186.800
5665	188.100
5778	188.200
5601	188.400
5546	188.600
5756	188.600
5797	188.600
5530	189.300
5541	189.500
5870	190.300
5866	190.600
5683	190.900
5462	191.900
5697	193.000
5615	193.600
5868	194.000
5454	194.900
5706	195.100
5517	195.600
5669	195.600
5711	195.700
5503	195.900
5409	196.100
5762	196.300
5618	196.400
5439	196.600
5577	196.600
5548	196.800
5401	196.900
5828	196.900
5830	197.000
5523	197.100
5534	197.100
5750	197.100
5638	197.900
5502	198.000
5840	198.000
5727	198.200
5846	198.400
5603	198.700
5819	199.300
5446	199.700
5420	199.800
5873	199.800
5478	200.400
5812	201.100
5575	201.300
5521	201.500
5685	201.600
5806	201.800
5593	201.900
5679	202.100
5476	202.200
5453	202.600
5731	202.800
5445	203.200
5647	203.300
5746	204.300
5652	204.500
5692	204.500
5555	204.700
5585	204.900
5681	205.000
5722	205.500
5532	206.000
5576	206.000
5471	207.600
5817	208.500
5544	208.800
5612	209.800
5508	210.000
5713	210.100
5710	210.600
5822	210.700
5393	211.100
5664	211.600
5717	211.900
5518	212.000
5677	212.100
5749	212.100
5860	212.100
5752	212.300
5796	212.900
5390	213.100
5524	213.300
5546	213.300
5695	215.500
5484	216.400
5597	216.500
5724	216.700
5475	216.800
5461	217.200
5789	217.300
5855	218.200
5507	218.300
5853	218.400
5583	218.500
5553	218.700
5706	219.000
5450	219.200
5776	219.200
5402	219.500
5688	219.500
5843	219.700
5619	220.300
5609	220.600
5818	220.700
5649	220.900
5812	221.000
5566	221.100
5584	221.100
5618	221.100
5530	221.200
5736	221.400
5539	221.500
5628	221.600
5786	222.000
5510	222.200
5506	222.900
5655	223.000
5840	223.000
5697	223.200
5424	225.300
5724	225.600
5560	226.400
5782	226.600
5600	227.000
5579	227.300
5589	227.300
5596	229.900
5770	230.000
5686	230.300
5815	230.400
5592	230.600
5830	230.600
5699	231.500
5405	232.100
5598	233.300
5401	233.500
5524	234.200
5658	234.300
5777	234.300
5546	234.600
5714	234.600
5818	235.000
5493	235.400
5834	236.100
5481	236.200
5605	237.600
5659	237.600
5562	237.700
5521	238.200
5515	238.400
5642	238.900
5669	238.900
5766	239.000
5682	239.300
5756	240.800
5430	244.000
5461	244.200
5778	244.200
5858	244.600
5422	244.700
5540	244.900
5415	245.100
5652	245.200
5835	245.300
5551	245.400
5794	245.600
5464	245.900
5863	246.200
5527	246.800
5613	247.100
5664	247.400
5768	247.500
5798	247.500
5475	247.600
5746	247.600
5865	247.700
5600	248.200
5450	248.300
5662	248.300
5466	248.400
5846	248.400
5831	248.500
5697	249.100
5751	249.200
5595	249.300
5611	249.600
5537	250.300
5421	250.600
5686	250.600
5428	250.900
5725	250.900
5511	251.000
5860	251.300
5721	251.400
5489	251.500
5678	251.500
5396	251.800
5812	251.800
5457	251.900
5568	252.000
5576	252.000
5442	252.200
5724	252.200
5757	252.200
5796	252.400
5665	252.700
5523	253.000
5546	253.600
5526	253.700
5581	253.800
5855	254.300
5717	254.700
5828	254.700
5493	255.000
5660	255.300
5786	255.500
5777	255.700
5580	256.500
5776	256.500
5659	256.600
5567	256.700
5651	256.700
5693	256.700
5775	256.800
5811	256.900
5675	257.000
5696	257.000
5617	257.200
5685	257.300
5704	257.300
5514	257.500
5840	257.600
5472	258.200
5637	258.300
5667	258.400
5639	258.500
5820	258.500
5463	258.600
5503	258.600
5603	258.600
5868	258.600
5847	258.800
5407	258.900
5530	258.900
5641	258.900
5605	259.000
5671	259.100
5788	259.100
5510	259.400
5647	259.400
5736	259.400
5819	259.400
5564	259.500
5583	259.500
5766	259.500
5823	260.000
5422	260.100
5446	260.100
5416	260.700
5750	260.700
5790	260.700
5518	260.900
5574	260.900
5866	260.900
5543	261.000
5762	261.100
5743	261.500
5443	261.600
5464	261.700
5420	261.800
5826	262.000
5841	262.500
5418	262.700
5715	263.900
5525	264.600
5699	264.600
5425	265.300
5397	267.300
5596	268.500
5412	268.600
5562	268.700
5521	269.100
5424	271.200
5571	271.800
5697	272.200
5683	272.600
5746	273.200
5633	273.500
5839	274.800
5658	276.100
5522	276.300
5766	276.400
5414	276.500
5584	276.600
5670	277.200
5791	277.300
5759	277.500
5732	277.700
5524	277.900
5616	278.300
5499	278.400
5492	279.200
5576	279.300
5429	279.500
5723	279.500
5748	279.600
5600	279.800
5404	279.900
5736	280.200
5614	280.800
5501	280.900
5462	281.000
5753	281.000
5853	281.000
5639	281.300
5660	281.400
5798	282.100
5692	282.200
5569	282.300
5743	282.500
5756	282.900
5657	283.300
5796	283.300
5868	283.600
5776	284.200
5412	284.300
5441	284.800
5770	284.800
5817	284.800
5668	286.100
5518	286.300
5810	286.700
5599	286.900
5681	286.900
5525	287.500
5869	287.800
5547	287.900
5860	288.100
5731	288.200
5777	288.200
5833	288.200
5537	288.500
5583	289.100
5420	289.200
5410	289.500
5471	289.700
5818	290.000
5808	290.300
5684	290.500
5769	290.900
5752	291.500
5823	292.100
5415	292.200
5567	292.500
5740	292.600
5561	293.100
5495	293.200
5442	294.600
5450	294.600
5428	294.700
5617	294.700
5819	294.700
5622	295.500
5718	296.900
5444	297.400
5623	297.500
5792	297.800
5699	298.300
5522	299.500
5657	299.800
5398	300.100
5840	300.200
5585	300.400
5831	300.500
5580	300.600
5402	300.900
5847	301.200
5604	301.300
5791	301.500
5403	301.600
5449	301.700
5808	301.800
5724	302.200
5741	302.500
5863	302.600
5445	303.200
5564	303.900
5789	304.000
5624	304.200
5459	304.400
5773	306.000
5519	306.200
5646	306.500
5468	306.900
5655	310.300
5713	310.500
5590	310.600
5530	311.400
5763	311.900
5605	312.000
5654	312.300
5534	312.400
5563	312.700
5478	312.900
5725	312.900
5407	313.300
5869	314.500
5600	314.600
5420	315.600
5569	315.700
5509	316.200
5825	317.100
5747	317.300
5408	317.600
5510	317.600
5620	317.800
5746	317.800
5874	317.800
5558	317.900
5637	318.000
5860	318.100
5414	318.300
5412	318.600
5760	318.600
5727	318.800
5616	320.400
5477	320.700
5635	321.000
5545	321.700
5502	321.800
5770	322.100
5695	322.800
5629	323.400
5873	324.300
5774	324.600
5791	324.800
5857	325.200
5761	326.000
5745	326.200
5628	326.500
5799	326.900
5872	326.900
5518	327.100
5484	327.200
5441	327.300
5612	327.400
5709	327.800
5717	328.500
5581	328.600
5687	328.800
5666	329.000
5596	329.100
5390	329.600
5640	330.000
5465	330.300
5677	330.300
5835	330.600
5403	330.800
5780	330.800
5428	330.900
5775	331.100
5660	331.300
5840	331.300
5552	331.400
5493	331.500
5524	331.500
5548	331.500
5732	331.500
5408	331.700
5417	331.900
5843	331.900
5724	332.000
5420	332.100
5661	332.200
5787	332.200
5772	332.300
5580	332.400
5697	332.500
5549	332.600
5729	332.700
5456	332.800
5500	332.800
5833	332.900
5832	333.000
5752	333.100
5491	333.200
5800	333.200
5463	333.300
5669	333.400
5815	333.400
5451	333.500
5667	333.500
5836	333.500
5541	333.600
5413	333.700
5785	333.700
5613	333.800
5401	334.000
5547	334.000
5592	334.300
5759	334.400
5860	334.400
5675	334.500
5871	334.700
5430	334.800
5615	334.800
5481	334.900
5517	335.000
5554	335.000
5685	335.100
5866	335.300
5842	335.800
5783	336.300
5459	336.400
5551	337.000
5447	337.200
5735	337.200
5657	340.600
5776	340.800
5503	342.200
5540	343.400
5688	343.800
5543	344.000
5770	344.300
5391	344.400
5450	344.400
5527	344.500
5572	344.500
5796	344.500
5471	344.700
5828	344.700
5637	344.900
5716	344.900
5556	345.100
5488	345.400
5656	345.700
5603	346.000
5728	346.100
5510	346.200
5531	346.400
5869	347.000
5533	347.100
5845	347.300
5812	347.700
5392	347.800
5745	348.100
5579	348.200
5698	348.600
5616	348.800
5419	348.900
5852	348.900
5591	349.200
5683	349.200
5797	349.500
5508	350.200
5594	350.200
5746	350.300
5873	350.300
5445	350.400
5717	350.700
5792	351.400
5835	351.400
5550	351.500
5650	351.500
5443	351.700
5736	352.100
5577	352.400
5432	352.600
5600	352.800
5435	352.900
5462	353.500
5659	354.900
5469	357.600
5674	358.200
5551	360.500
5814	361.800
5872	362.400
5643	362.500
5554	362.600
5671	362.800
5744	363.300
5426	363.400
5431	363.400
5495	363.400
5476	363.800
5545	363.800
5859	364.100
5734	364.400
5803	364.800
5804	364.800
5762	365.000
5654	365.400
5853	365.400
5657	366.300
5524	366.500
5825	366.900
5688	367.400
5708	367.400
5472	367.900
5863	368.000
5580	368.100
5440	368.400
5486	368.700
5752	368.800
5508	368.900
5611	369.000
5601	369.100
5828	369.100
5502	369.300
5727	369.400
5525	369.500
5588	369.500
5627	369.600
5520	369.700
5585	370.000
5777	370.200
5511	370.300
5531	370.400
5739	370.400
5481	370.500
5662	370.700
5475	371.000
5609	371.000
5432	371.200
5403	371.300
5543	371.600
5470	371.700
5729	371.700
5817	371.700
5541	371.800
5681	371.800
5412	371.900
5441	371.900
5397	372.100
5579	372.100
5775	372.100
5797	372.100
5526	372.200
5658	372.200
5718	372.200
5471	372.700
5408	372.800
5488	372.800
5637	372.800
5617	373.000
5407	373.100
5400	373.300
5569	373.300
5703	373.300
5737	373.600
5586	373.700
5836	374.000
5831	374.200
5413	374.300
5771	374.300
5450	374.500
5456	374.500
5770	374.700
5857	374.700
5635	374.800
5778	374.900
5562	375.300
5813	375.500
5401	375.600
5874	375.800
5464	376.200
5650	376.300
5429	376.400
5595	376.400
5735	376.400
5798	376.500
5428	377.200
5823	378.000
5713	378.200
5767	378.200
5747	379.500
5664	380.400
5503	381.700
5644	382.100
5855	382.600
5717	382.900
5853	382.900
5761	383.200
5827	383.400
5840	383.400
5799	384.100
5768	384.300
5602	384.700
5842	385.500
5549	385.800
5629	386.500
5815	386.600
5521	386.800
5655	386.900
5446	387.100
5804	387.200
5613	387.300
5625	387.300
5698	387.300
5626	387.600
5666	387.700
5716	387.900
5844	387.900
5685	388.100
5812	388.300
5603	389.000
5483	389.100
5530	389.100
5548	389.300
5702	389.600
5624	389.900
5647	389.900
5800	390.100
5611	390.700
5820	390.700
5828	390.700
5667	390.900
5724	390.900
5473	391.000
5758	391.200
5674	391.400
5697	391.500
5481	391.700
5744	392.100
5692	392.800
5616	393.200
5470	393.700
5874	394.400
5569	395.000
5412	395.300
5429	395.300
5461	395.300
5872	396.100
5663	396.300
5590	396.400
5458	397.000
5524	397.800
5477	398.600
5541	398.800
5668	399.800
5662	400.000
5777	400.200
5547	400.300
5580	400.300
5704	400.500
5660	401.100
5422	402.000
5447	402.000
5868	402.000
5535	402.100
5615	402.700
5725	402.800
5783	403.100
5717	403.300
5576	403.500
5855	403.500
5610	403.600
5829	403.600
5405	403.700
5424	404.700
5785	405.100
5592	405.200
5398	405.300
5537	405.300
5571	405.500
5735	405.600
5682	406.500
5404	406.700
5759	407.400
5835	407.400
5749	408.200
5677	408.500
5870	409.100
5432	409.500
5819	410.100
5832	410.100
5459	410.800
5488	410.800
5530	411.100
5637	411.100
5407	411.200
5793	411.400
5846	411.500
5812	411.700
5751	412.000
5818	412.200
5808	412.300
5564	413.100
5732	413.100
5858	413.600
5766	413.800
5441	413.900
5706	413.900
5478	414.100
5743	414.100
5413	414.200
5786	414.300
5519	414.400
5640	414.500
5416	414.600
5603	414.800
5660	414.900
5815	414.900
5481	415.000
5679	415.100
5575	415.200
5767	415.500
5840	415.500
5758	415.600
5463	415.800
5524	415.800
5484	416.300
5613	416.300
5400	416.800
5626	416.800
5771	416.800
5475	417.100
5536	417.300
5415	417.400
5493	417.500
5510	417.600
5658	418.400
5561	418.700
5418	418.800
5509	418.900
5669	419.400
5454	421.300
5486	421.600
5440	423.000
5392	424.900
5791	425.400
5755	426.900
5450	429.400
5657	429.700
5760	431.000
5862	431.100
5749	431.300
5780	431.300
5868	431.800
5425	432.600
5656	432.900
5617	433.500
5530	434.000
5723	434.300
5625	435.300
5660	436.400
5420	436.600
5446	437.100
5835	437.100
5695	437.500
5426	437.600
5562	437.700
5575	437.800
5756	437.900
5579	438.000
5557	438.100
5728	438.200
5860	438.200
5776	438.500
5580	438.700
5622	439.100
5498	439.200
5551	439.300
5613	439.400
5721	439.500
5791	439.500
5808	439.600
5612	439.800
5841	439.800
5422	440.100
5478	440.500
5529	440.600
5611	440.800
5687	440.900
5762	441.200
5534	441.300
5521	441.900
5866	442.000
5746	442.500
5833	442.800
5662	444.600
5685	445.600
5864	447.500
5525	448.900
5708	449.200
5815	449.500
5826	449.600
5829	450.100
5414	450.800
5752	451.000
5761	451.200
5777	451.500
5526	452.000
5574	452.000
5623	452.100
5812	452.200
5500	452.500
5437	452.700
5629	452.700
5807	453.100
5858	453.200
5408	453.300
5523	453.400
5431	453.500
5665	453.700
5846	453.700
5401	453.800
5487	453.900
5510	453.900
5869	453.900
5517	454.100
5691	454.200
5666	454.300
5813	454.300
5421	454.400
5430	454.400
5754	454.500
5503	454.600
5647	454.700
5492	454.800
5742	454.800
5418	455.000
5579	455.000
5669	455.000
5857	455.000
5451	455.100
5459	455.200
5656	455.200
5681	455.200
5537	455.400
5614	455.600
5816	455.600
5453	455.800
5668	455.800
5729	455.900
5844	455.900
5471	456.100
5584	456.100
5842	456.200
5569	456.300
5734	456.300
5741	456.400
5802	456.400
5872	456.500
5727	456.700
5779	456.700
5765	456.800
5484	457.200
5709	457.500
5542	457.700
5575	458.000
5645	458.600
5473	458.800
5694	459.000
5609	459.100
5398	459.200
5702	459.700
5475	459.800
5441	460.000
5527	460.200
5607	460.200
5859	460.300
5792	460.400
5550	460.500
5415	460.700
5823	460.700
5703	461.400
5403	461.700
5657	461.700
5546	461.800
5493	462.600
5564	463.500
5605	463.800
5410	464.000
5547	464.600
5852	465.900
5620	466.200
5601	466.500
5589	466.700
5424	468.000
5432	468.000
5446	468.100
5662	468.400
5572	468.700
5735	469.300
5418	469.500
5577	469.700
5617	469.800
5729	469.900
5509	470.000
5399	470.500
5553	470.600
5768	470.600
5395	470.700
5840	471.100
5448	471.400
5750	471.600
5816	472.000
5864	472.100
5653	472.200
5846	472.200
5603	472.300
5756	472.400
5725	472.500
5628	472.600
5863	472.700
5563	473.400
5440	473.500
5559	473.500
5790	473.800
5474	474.100
5822	474.200
5798	474.400
5407	474.800
5408	474.900
5412	475.000
5455	475.100
5791	475.900
5534	476.100
5608	476.200
5470	476.500
5398	476.900
5808	477.100
5869	477.600
5872	477.700
5521	478.600
5541	478.700
5544	478.900
5481	479.000
5519	479.500
5396	479.800
5870	479.900
5624	480.100
5619	480.200
5415	480.400
5698	480.600
5542	480.700
5533	481.200
5683	481.300
5571	481.500
5796	481.600
5515	482.000
5724	482.100
5818	482.300
5652	482.400
5819	482.700
5423	482.800
5812	483.100
5829	483.100
5501	483.200
5572	483.700
5446	483.900
5581	483.900
5646	483.900
5732	484.100
5873	484.300
5476	485.000
5739	485.600
5512	486.600
5488	486.900
5507	487.000
5649	487.000
5466	487.400
5465	487.900
5506	488.300
5628	488.500
5440	490.200
5521	490.500
5450	491.200
5552	491.500
5657	491.500
5424	491.700
5422	493.300
5728	493.600
5855	493.700
5688	494.100
5704	494.900
5610	495.100
5868	495.300
5813	495.500
5539	496.200
5644	496.200
5548	496.500
5447	496.900
5606	496.900
5658	496.900
5420	497.000
5538	497.000
5862	497.000
5742	497.600
5702	497.700
5487	497.800
5509	498.300
5690	498.300
5580	499.100
5797	499.100
5617	499.900
5682	499.900
5441	500.300
5747	500.300
5785	500.500
5414	500.900
5456	501.000
5627	501.300
5534	501.600
5673	501.800
5771	502.100
5550	502.200
5490	502.300
5589	502.500
5597	502.500
5725	502.600
5646	503.100
5412	503.200
5553	503.200
5440	503.400
5614	503.800
5569	504.000
5419	504.100
5513	504.300
5476	504.400
5612	504.400
5709	505.100
5581	505.300
5481	505.400
5865	508.200
5517	508.400
5626	508.400
5768	509.200
5600	509.300
5866	509.400
5718	510.000
5418	511.400
5677	511.900
5664	512.500
5571	513.300
5462	513.900
5610	513.900
5737	514.100
5583	514.500
5625	514.600
5798	514.700
5773	515.400
5596	515.700
5455	515.900
5593	516.200
5757	516.300
5563	516.400
5473	516.600
5442	516.700
5746	517.100
5446	517.600
5628	517.900
5522	518.100
5665	518.100
5398	518.400
5618	518.800
5415	519.000
5655	519.000
5724	519.000
5552	519.100
5745	519.200
5493	519.300
5529	519.300
5669	519.300
5474	519.400
5575	519.400
5595	519.700
5564	519.800
5870	519.800
5687	519.900
5769	519.900
5425	520.000
5795	520.000
5657	520.600
5822	520.700
5684	520.800
5490	521.100
5559	521.200
5428	521.400
5709	521.400
5872	521.500
5395	521.900
5710	521.900
5729	521.900
5847	521.900
5576	522.000
5786	522.000
5820	522.000
5871	522.000
5572	522.200
5663	522.200
5755	522.200
5821	522.300
5392	522.400
5557	522.400
5819	522.400
5839	522.400
5443	522.500
5852	523.000
5440	523.500
5639	523.600
5556	523.700
5816	523.700
5827	524.100
5701	524.400
5840	525.900
5794	526.300
5748	526.500
5629	528.000
5463	528.200
5823	528.400
5503	528.500
5547	528.700
5713	528.700
5601	529.300
5541	529.400
5800	529.600
5546	530.200
5444	530.600
5656	530.800
5613	531.200
5828	531.200
5860	531.200
5445	531.700
5502	532.000
5517	532.200
5744	532.500
5830	532.500
5811	532.600
5471	532.900
5856	533.000
5718	533.200
5669	533.600
5742	533.600
5636	533.700
5421	533.800
5424	533.900
5835	534.200
5403	534.300
5544	534.300
5553	534.400
5580	535.400
5681	535.600
5717	535.600
5685	535.700
5776	535.800
5476	536.100
5621	536.100
5773	536.300
5459	536.600
5637	536.700
5683	536.900
5404	537.200
5430	537.900
5447	537.900
5765	538.100
5833	538.100
5652	538.300
5407	538.400
5818	538.500
5840	538.600
5743	538.700
5412	539.200
5490	539.400
5671	539.600
5470	540.300
5428	540.800
5812	542.000
5618	542.400
5734	542.600
5481	542.900
5488	542.900
5600	543.500
5535	544.300
5612	544.600
5420	544.700
5749	547.300
5450	547.600
5785	547.600
5834	547.800
5617	547.900
5865	548.000
5755	548.400
5722	549.300
5633	549.800
5736	550.300
5864	550.300
5573	550.400
5789	550.600
5416	550.900
5582	550.900
5829	551.400
5501	551.500
5518	551.800
5659	551.900
5571	552.200
5440	552.300
5546	552.300
5489	552.500
5644	552.500
5831	552.600
5413	552.700
5626	552.800
5777	552.800
5752	553.000
5438	553.200
5551	553.200
5519	553.300
5710	553.300
5454	553.400
5725	553.500
5627	553.600
5510	553.700
5446	554.000
5624	554.100
5721	554.100
5767	554.200
5456	554.300
5493	554.300
5862	554.300
5494	554.400
5682	554.400
5702	554.400
5843	554.400
5412	554.500
5697	554.500
5820	554.500
5415	554.700
5472	554.900
5478	554.900
5576	555.100
5424	555.500
5629	555.900
5652	556.700
5587	557.400
5490	558.400
5853	558.500
5648	559.200
5479	559.800
5598	560.100
5731	560.100
5426	561.400
5403	562.100
5734	562.200
5797	563.700
5811	566.100
5415	566.400
5557	566.800
5717	567.100
5776	567.200
5457	567.300
5435	568.000
5715	568.000
5646	568.400
5461	568.900
5847	568.900
5612	569.200
5414	569.300
5564	569.800
5752	569.800
5432	569.900
5438	570.100
5756	570.100
5434	570.900
5819	570.900
5686	571.000
5405	571.200
5439	571.500
5823	571.600
5508	571.800
5743	571.800
5507	572.000
5718	572.100
5696	572.200
5499	572.300
5728	572.500
5791	572.600
5832	572.700
5860	572.800
5659	572.900
5558	573.100
5606	573.100
5873	573.500
5451	573.600
5441	573.800
5534	573.800
5422	574.000
5815	574.300
5840	574.300
5541	574.400
5600	574.500
5655	574.500
5462	574.600
5683	574.600
5724	574.600
5433	575.000
5580	575.300
5483	576.100
5596	576.300
5662	576.900
5845	577.200
5866	577.300
5687	577.800
5493	578.800
5645	579.200
5597	579.600
5575	580.000
5594	580.500
5783	580.800
5605	581.200
5643	581.700
5530	582.400
5834	582.600
5828	583.100
5546	584.000
5574	584.400
5745	584.400
5555	584.900
5808	585.600
5829	585.700
5614	586.200
5780	586.300
5515	586.800
5713	587.200
5800	587.300
5771	587.800
5830	587.800
5409	588.300
5453	588.900
5839	589.100
5872	589.100
5618	589.200
5476	589.400
5857	589.500
5812	589.800
5535	590.300
5602	590.400
5676	590.500
5429	590.900
5570	590.900
5508	591.000
5644	591.300
5779	591.400
5717	591.600
5628	591.900
5543	592.100
5585	592.300
5695	592.400
5862	592.400
5579	592.600
5445	592.800
5583	592.900
5746	593.300
5858	593.300
5568	593.400
5626	594.300
5718	594.600
5827	594.800
5400	595.300
5828	595.300
5617	595.500
5777	595.500
5621	595.600
5666	595.600
5418	595.700
5447	595.700
5677	595.700
5625	595.800
5420	596.000
5805	596.000
5672	596.100
5416	596.400
5651	596.500
5408	596.800
5425	596.900
5586	597.900
5561	598.100
5784	598.500
5392	598.600
5417	598.800
5459	598.800
5569	599.100
5540	599.500
5825	599.500
5844	599.500
5516	599.800
5592	600.100
5723	600.100
5475	600.300
5510	600.900
5515	601.000
5853	601.900
5616	602.700
5756	603.300
5531	604.000
5815	604.400
5514	605.000
5541	605.600
5544	605.800
5442	606.300
5484	606.400
5836	607.800
5571	608.000
5477	608.300
5743	608.400
5761	608.600
5421	608.900
5600	609.100
5699	609.800
5840	610.100
5490	610.200
5704	610.200
5590	610.400
5757	610.400
5412	610.600
5787	610.600
5794	610.600
5640	610.700
5726	610.700
5611	610.800
5598	611.600
5632	611.700
5818	611.700
5623	612.100
5433	612.200
5450	612.200
5444	612.500
5540	613.200
5829	613.200
5503	613.500
5713	614.100
5584	614.500
5458	616.300
5548	616.300
5580	617.300
5855	617.700
5853	618.400
5696	618.600
5575	618.700
5824	618.900
5533	619.300
5411	619.400
5835	619.500
5706	619.800
5617	620.300
5481	620.500
5810	620.500
5394	620.600
5732	620.600
5759	620.600
5868	620.900
5799	621.000
5872	621.000
5622	621.100
5762	621.100
5587	621.400
5671	621.400
5755	621.500
5583	621.600
5545	621.700
5576	621.700
5675	622.500
5422	623.000
5499	623.100
5847	623.200
5778	623.400
5535	623.500
5637	623.600
5571	623.700
5731	623.800
5846	623.800
5845	624.800
5573	624.900
5744	625.400
5429	625.500
5405	625.800
5415	626.400
5551	626.400
5758	626.500
5797	627.000
5392	627.700
5661	627.900
5508	628.300
5577	628.500
5783	629.000
5840	629.200
5789	629.900
5607	630.200
5530	630.500
5506	630.800
5646	631.000
5724	631.300
5562	631.700
5401	632.600
5663	634.000
5777	634.200
5666	634.600
5718	634.800
5534	635.000
5626	636.000
5817	636.100
5628	636.300
5396	636.500
5866	637.800
5447	637.900
5857	638.400
5432	639.000
5864	639.000
5860	639.200
5473	639.700
5746	639.800
5539	640.000
5501	640.100
5695	640.200
5459	640.300
5414	640.400
5773	640.800
5795	641.300
5403	641.400
5405	641.800
5752	641.900
5732	642.100
5736	642.600
5822	642.700
5791	643.000
5815	643.000
5619	643.300
5541	643.500
5567	643.800
5698	643.800
5596	644.000
5801	644.000
5555	644.100
5580	644.100
5785	644.100
5564	644.400
5499	644.500
5482	644.700
5527	644.800
5558	644.800
5530	644.900
5575	645.100
5721	645.100
5406	645.200
5547	645.200
5487	645.400
5776	645.400
5490	645.500
5407	645.800
5440	646.000
5660	646.300
5433	646.400
5422	646.700
5437	646.800
5615	646.800
5745	647.000
5617	647.300
5741	647.800
5814	648.000
5665	648.100
5825	648.500
5579	648.700
5800	648.800
5614	649.300
5640	649.400
5872	649.400
5758	649.500
5424	649.600
5548	650.200
5697	650.600
5502	650.800
5813	650.800
5515	650.900
5413	651.000
5809	651.200
5508	655.800
5625	655.900
5593	656.300
5655	657.400
5476	657.800
5778	658.100
5563	659.300
5618	659.400
5493	659.700
5873	660.000
5418	660.100
5793	660.300
5443	660.400
5692	661.000
5699	661.100
5756	661.200
5724	661.400
5818	661.800
5659	662.000
5430	662.100
5584	662.400
5704	663.100
5768	663.300
5434	663.700
5514	664.100
5847	664.600
5869	664.700
5839	665.600
5546	666.100
5473	666.800
5860	666.900
5537	670.200
5853	670.800
5471	671.400
5529	671.700
5798	672.400
5554	672.900
5531	673.300
5850	673.300
5765	674.300
5393	675.100
5499	675.800
5713	676.300
5669	677.400
5622	677.700
5709	678.100
5750	678.900
5408	679.200
5486	679.600
5586	679.800
5791	679.800
5748	680.100
5541	680.500
5413	681.000
5615	681.000
5532	681.100
5794	681.300
5525	681.400
5421	681.500
5397	681.700
5810	681.700
5534	681.800
5566	681.800
5639	681.800
5778	681.800
5800	681.800
5521	681.900
5843	682.000
5855	682.200
5515	682.300
5751	682.400
5761	682.900
5776	683.200
5401	683.300
5647	683.300
5403	683.400
5624	683.400
5799	683.600
5743	683.800
5589	684.000
5640	684.300
5404	684.500
5405	684.500
5629	684.600
5490	685.100
5872	685.100
5594	685.200
5853	685.500
5700	685.600
5774	685.600
5398	685.700
5687	686.000
5409	686.100
5661	686.100
5516	686.400
5553	686.500
5501	686.600
5747	687.400
5866	687.400
5724	687.800
5717	688.100
5652	688.900
5731	689.000
5670	690.400
5438	690.800
5620	690.900
5407	691.200
5503	691.200
5663	691.800
5499	692.500
5860	692.900
5744	693.300
5425	693.500
5546	693.500
5459	693.700
5635	694.000
5476	694.200
5728	694.300
5647	695.300
5708	696.300
5656	696.400
5638	696.500
5840	697.700
5524	698.000
5699	698.400
5841	698.500
5619	698.600
5422	699.600
5429	702.300
5825	702.300
5813	702.600
5697	703.100
5596	703.200
5732	703.200
5788	703.400
5420	703.800
5500	703.900
5861	704.100
5580	704.300
5637	704.300
5780	704.600
5573	704.800
5709	704.900
5842	704.900
5577	705.000
5507	705.300
5828	705.300
5579	705.400
5660	705.500
5576	705.600
5698	705.600
5858	705.800
5509	706.000
5755	706.100
5480	706.300
5655	706.500
5765	706.500
5417	706.600
5612	706.600
5454	707.000
5745	707.000
5424	707.200
5696	707.200
5575	707.500
5603	707.500
5796	707.500
5412	707.700
5397	707.800
5617	707.800
5852	707.800
5800	707.900
5724	708.100
5495	708.200
5704	708.200
5646	708.300
5864	708.400
5405	708.600
5731	708.600
5756	708.700
5469	708.800
5470	708.800
5481	708.800
5540	708.900
5581	708.900
5544	709.000
5659	709.000
5820	709.100
5694	709.200
5574	709.400
5599	709.400
5812	709.400
5510	709.500
5512	709.600
5648	709.600
5418	709.700
5490	709.800
5807	709.800
5832	709.800
5474	709.900
5675	709.900
5818	709.900
5528	710.400
5851	710.400
5719	710.500
5860	710.500
5641	710.600
5623	710.700
5857	710.700
5463	710.800
5456	711.200
5594	711.200
5553	711.400
5725	711.400
5693	711.600
5420	711.700
5459	711.700
5435	711.900
5642	712.100
5564	712.800
5517	713.500
5514	713.800
5790	714.400
5717	714.700
5552	714.900
5773	715.500
5539	715.600
5873	715.600
5819	716.400
5738	717.400
5407	717.600
5409	717.600
5713	717.900
5395	718.400
5471	718.600
5746	718.700
5580	718.800
5543	719.400
5662	719.400
5787	719.400
5537	719.700
5711	719.700
5561	720.000
5806	720.300
5535	720.400
5664	720.400
5441	720.500
5758	720.600
5817	720.600
5473	720.700
5572	720.800
5777	720.900
5782	720.900
5440	721.000
5530	721.400
5575	721.500
5735	721.700
5688	721.800
5611	722.000
5860	723.500
5822	723.600
5627	723.700
5734	723.700
5779	723.900
5874	724.600
5529	725.000
5629	725.000
5770	725.000
5868	725.000
5487	725.200
5609	725.300
5798	725.300
5835	725.500
5840	725.500
5527	725.700
5618	725.700
5545	725.800
5794	725.800
5486	726.000
5411	726.100
5669	726.200
5577	726.500
5489	726.600
5653	726.600
5401	726.800
5717	727.000
5776	727.100
5551	727.600
5681	727.600
5843	727.900
5581	728.100
5647	728.600
5422	728.800
5718	728.900
5692	729.100
5784	729.100
5849	729.400
5433	729.900
5598	730.400
5403	730.600
5415	730.800
5872	730.900
5565	731.100
5587	731.400
5610	731.600
5755	731.600
5619	732.300
5666	732.700
5559	732.800
5746	732.800
5846	733.100
5414	733.200
5478	733.700
5736	734.100
5809	734.100
5392	735.100
5791	735.100
5698	735.200
5449	735.400
5709	735.400
5515	735.600
5390	736.300
5586	736.900
5481	737.100
5815	737.200
5765	737.500
5697	737.800
5538	738.000
5812	738.200
5502	738.600
5579	739.000
5685	739.100
5663	739.200
5439	740.500
5504	740.600
5702	740.800
5436	741.300
5581	741.400
5484	742.000
5700	742.000
5585	742.300
5741	742.900
5818	743.800
5863	743.900
5511	744.000
5556	744.200
5724	744.500
5796	744.700
5466	744.800
5686	744.800
5540	744.900
5777	744.900
5526	745.100
5669	745.100
5456	745.200
5508	745.200
5855	745.200
5677	745.300
5821	745.300
5722	745.400
5623	745.500
5455	745.600
5683	745.600
5573	745.800
5646	745.900
5594	746.300
5813	747.000
5713	747.400
5474	748.900
5626	748.900
5617	749.400
5734	749.500
5631	749.600
5445	749.800
5584	750.300
5744	750.300
5765	750.300
5819	750.300
5480	750.600
5575	751.200
5769	751.200
5652	751.500
5431	751.800
5785	752.200
5396	752.400
5732	752.400
5546	752.500
5664	752.500
5758	752.600
5708	752.700
5470	752.900
5756	752.900
5864	752.900
5576	753.200
5716	753.200
5503	753.300
5761	753.500
5451	753.700
5566	753.700
5428	753.800
5632	753.800
5647	753.900
5679	753.900
5865	753.900
5486	754.000
5640	754.100
5637	754.300
5655	754.400
5696	754.400
5495	754.900
5532	755.100
5580	755.800
5459	755.900
5704	756.000
5507	756.200
5569	756.300
5872	756.900
5844	757.000
5414	757.400
5590	757.600
5442	758.200
5840	758.200
5862	758.200
5571	758.600
5824	758.600
5432	758.700
5437	758.800
5801	759.300
5660	759.500
5680	759.600
5581	759.700
5728	760.800
5409	760.900
5564	761.200
5619	761.400
5516	761.700
5639	762.300
5434	763.500
5731	763.700
5794	763.800
5403	764.700
5476	764.700
5572	764.700
5399	764.900
5517	765.100
5510	765.200
5404	765.400
5808	766.000
5828	766.100
5418	766.200
5776	766.300
5812	766.500
5823	766.800
5438	767.000
5524	767.000
5676	767.100
5443	767.200
5871	767.200
5552	767.500
5773	767.600
5833	767.700
5526	768.200
5778	768.300
5478	768.400
5454	768.500
5644	768.500
5450	768.600
5557	768.600
5788	768.700
5648	768.800
5621	769.000
5842	769.100
5601	769.200
5616	769.300
5756	769.300
5613	769.600
5721	769.600
5747	769.900
5827	769.900
5860	769.900
5499	770.000
5650	770.000
5419	770.100
5806	770.100
5415	770.200
5420	770.200
5534	770.400
5587	770.500
5535	770.700
5868	770.700
5597	771.000
5501	771.200
5537	771.400
5592	771.500
5611	772.400
5866	772.700
5487	773.000
5767	774.100
5746	775.300
5843	775.800
5780	775.900
5717	777.700
5511	778.300
5484	778.600
5490	778.800
5628	778.900
5575	779.100
5579	779.400
5405	779.500
5414	779.500
5433	779.500
5714	779.800
5397	780.500
5841	780.500
5643	780.800
5619	781.000
5755	781.000
5790	781.800
5748	782.100
5586	782.400
5697	782.600
5847	782.900
5565	783.000
5518	783.200
5813	783.500
5509	783.600
5811	783.700
5401	784.100
5804	785.500
5469	786.800
5874	786.900
5482	787.500
5816	788.800
5522	790.500
5585	790.800
5777	790.900
5548	791.600
5425	792.500
5674	792.600
5473	792.900
5440	793.200
5547	793.500
5424	793.800
5559	794.400
5592	794.700
5476	795.000
5597	795.100
5534	795.400
5451	795.500
5791	795.500
5621	795.900
5714	796.300
5461	796.600
5657	796.800
5404	796.900
5668	797.100
5868	797.200
5449	797.600
5768	797.600
5446	797.700
5536	797.700
5554	797.800
5610	798.100
5624	798.100
5835	798.100
5625	798.300
5397	798.400
5803	798.700
5530	798.900
5843	798.900
5819	799.100
5596	799.500
5541	799.600
5862	799.600
5641	799.700
5525	799.800
5617	800.300
5769	800.300
5553	800.600
5429	800.800
5575	801.100
5800	801.100
5731	801.300
5600	801.400
5392	801.500
5415	801.500
5660	801.700
5607	801.900
5671	801.900
5795	801.900
5396	802.000
5715	802.600
5729	802.700
5572	803.000
5847	803.400
5870	803.400
5555	803.500
5450	804.300
5590	811.300
5579	813.400
5609	817.600
5423	818.000
5614	818.600
5616	818.800
5860	818.900
5698	819.200
5764	819.200
5846	819.700
5446	819.800
5658	819.900
5430	820.000
5840	820.000
5571	820.100
5869	820.100
5453	820.400
5664	820.500
5716	820.500
5873	820.500
5662	820.700
5444	820.800
5758	821.000
5501	821.100
5702	821.100
5540	821.200
5792	821.300
5604	821.400
5669	821.600
5786	821.600
5826	821.600
5733	821.700
5843	821.700
5514	821.800
5481	821.900
5534	822.000
5687	822.000
5827	822.000
5683	822.100
5665	822.200
5729	822.500
5403	822.600
5721	823.500
5591	823.800
5477	823.900
5663	823.900
5829	825.100
5722	826.400
5459	826.900
5853	826.900
5864	827.300
5569	828.000
5844	828.800
5863	830.100
5866	832.200
5513	832.400
5509	834.200
5544	834.600
5541	835.400
5488	835.500
5442	835.600
5510	836.700
5476	836.800
5580	836.800
5753	838.200
5507	838.600
5845	839.000
5808	839.400
5499	840.300
5422	840.400
5538	840.900
5618	840.900
5412	841.100
5424	841.300
5731	841.400
5405	841.600
5812	842.200
5713	842.800
5587	842.900
5600	843.000
5816	843.000
5776	843.100
5657	843.800
5761	844.200
5605	844.300
5815	844.300
5420	844.400
5641	844.700
5404	844.800
5739	845.100
5827	845.100
5873	845.200
5810	845.400
5659	845.700
5858	845.900
5724	846.500
5656	846.600
5606	846.700
5869	847.500
5629	847.700
5425	847.800
5800	848.000
5622	848.100
5463	848.400
5537	848.400
5590	848.400
5693	848.400
5592	848.600
5617	848.800
5774	849.100
5610	849.800
5727	850.400
5518	850.500
5397	851.500
5475	851.600
5718	851.800
5430	852.200
5583	852.700
5428	853.400
5828	853.400
5835	853.700
5438	854.300
5591	854.700
5853	854.700
5637	855.300
5799	855.300
5603	855.800
5729	856.100
5540	857.200
5496	857.300
5623	857.400
5461	857.700
5764	858.100
5624	858.300
5598	858.500
5768	858.600
5533	858.900
5766	858.900
5575	859.300
5504	859.500
5571	859.600
5445	859.700
5543	859.800
5681	859.800
5534	860.000
5422	860.200
5562	860.200
5832	860.300
5829	861.000
5783	861.100
5755	861.200
5725	862.000
5734	862.900
5819	864.100
5421	864.600
5874	865.200
5615	865.600
5403	865.700
5478	865.900
5773	865.900
5465	866.000
5693	866.200
5852	866.300
5435	866.400
5676	866.500
5593	866.700
5414	866.800
5657	866.800
5738	866.800
5698	867.000
5719	867.000
5721	867.000
5740	867.200
5749	867.300
5872	867.300
5556	867.400
5499	867.500
5450	867.600
5509	867.800
5851	867.800
5471	868.200
5718	868.200
5787	868.400
5473	868.700
5451	868.800
5482	868.800
5584	868.800
5778	868.900
5863	868.900
5675	869.000
5822	869.000
5847	869.300
5495	869.500
5735	869.600
5411	869.700
5493	869.900
5585	870.000
5519	870.100
5551	870.100
5756	870.300
5415	870.400
5713	870.500
5724	870.700
5772	871.200
5424	871.300
5692	871.600
5791	871.600
5488	871.900
5659	871.900
5576	872.000
5577	872.000
5860	872.000
5644	872.200
5524	872.400
5527	872.700
5717	872.700
5746	873.600
5727	875.400
5696	876.300
5758	877.200
5572	877.300
5730	878.100
5543	878.200
5752	879.100
5826	879.100
5518	879.500
5498	879.600
5546	879.600
5652	879.700
5492	880.300
5800	880.300
5683	880.400
5522	880.600
5853	881.000
5410	881.100
5442	881.100
5729	881.300
5520	881.500
5628	881.500
5823	881.600
5392	881.700
5789	881.700
5852	881.800
5446	881.900
5785	881.900
5834	882.000
5581	882.300
5670	882.300
5521	882.400
5530	882.500
5569	882.700
5796	882.700
5417	882.900
5459	883.000
5583	883.000
5393	883.100
5474	883.100
5592	883.200
5440	883.300
5476	883.900
5554	884.100
5428	884.300
5841	884.600
5571	884.700
5732	884.700
5619	884.800
5486	885.100
5412	885.800
5699	886.000
5808	886.000
5804	886.900
5577	887.000
5662	887.100
5680	887.500
5481	887.600
5629	887.700
5422	888.300
5718	889.400
5561	889.900
5600	890.100
5408	891.300
5541	891.300
5755	891.400
5503	892.100
5814	892.200
5548	893.000
5643	893.100
5801	893.900
5759	894.600
5717	894.700
5751	894.900
5531	895.600
5423	896.000
5698	896.300
5404	896.400
5762	897.000
5831	897.100
5812	897.200
5458	897.300
5488	897.400
5429	898.000
5419	898.100
5420	898.300
5595	898.300
5872	898.400
5472	898.600
5444	898.700
5660	900.800
5515	900.900
5686	900.900
5508	901.400
5563	901.500
5554	902.100
5792	902.200
5752	902.400
5676	902.500
5691	902.600
5525	902.800
5738	903.000
5860	903.100
5688	903.400
5843	903.500
5576	903.600
5780	903.800
5547	903.900
5614	904.300
5581	904.400
5737	904.500
5777	904.500
5821	904.500
5747	904.600
5871	904.600
5599	904.700
5734	904.700
5805	904.700
5681	905.000
5578	905.100
5637	905.100
5524	905.200
5556	905.300
5425	905.400
5532	905.400
5798	905.400
5569	905.500
5504	905.600
5661	905.700
5766	905.800
5598	905.900
5725	905.900
5819	906.000
5655	906.200
5501	906.400
5646	906.400
5693	906.500
5700	906.500
5809	906.500
5612	906.600
5840	906.600
5415	906.700
5434	906.700
5448	906.700
5820	906.800
5779	907.000
5543	907.100
5852	907.100
5677	907.300
5488	907.600
5731	907.700
5773	907.800
5769	907.900
5518	908.100
5675	908.100
5685	909.500
5748	910.100
5507	910.600
5825	911.000
5835	911.000
5617	912.000
5424	912.400
5618	912.900
5405	913.100
5471	913.200
5639	913.700
5829	914.900
5843	915.000
5451	915.100
5510	915.200
5692	915.300
5815	915.400
5633	916.000
5817	916.100
5435	916.300
5787	916.900
5463	917.000
5535	917.000
5541	917.100
5546	917.600
5403	918.200
5717	918.200
5432	918.300
5537	918.800
5794	919.200
5783	919.400
5499	919.500
5826	919.700
5761	920.200
5603	920.500
5478	920.700
5575	921.000
5495	921.400
5724	921.900
5450	922.100
5744	922.300
5791	922.400
5616	922.500
5484	922.700
5660	922.700
5741	922.700
5551	922.800
5590	923.300
5868	923.400
5589	923.500
5789	923.700
5508	923.800
5693	923.800
5846	923.900
5847	924.100
5422	924.400
5709	924.600
5655	924.700
5522	925.000
5521	925.200
5860	925.200
5530	925.400
5806	925.600
5595	925.900
5596	926.000
5558	926.300
5600	926.600
5772	926.800
5682	927.300
5796	927.400
5576	927.600
5780	928.800
5663	929.300
5695	929.600
5752	929.700
5839	929.700
5864	930.200
5458	930.500
5672	930.800
5849	930.800
5528	931.000
5808	931.300
5719	931.400
5457	931.500
5531	931.500
5573	931.700
5572	931.900
5751	932.300
5434	932.500
5612	932.600
5705	932.700
5735	933.900
5401	934.100
5736	934.700
5540	934.800
5544	935.200
5811	935.200
5583	935.400
5627	935.500
5831	935.500
5415	935.700
5507	935.700
5541	935.800
5683	935.900
5602	936.000
5424	936.300
5840	936.400
5669	936.600
5413	936.900
5550	936.900
5555	936.900
5610	937.000
5667	937.000
5414	937.200
5419	937.200
5566	937.200
5655	937.200
5723	937.200
5714	937.300
5738	937.500
5785	937.500
5664	937.600
5797	937.600
5728	937.900
5481	938.200
5680	938.300
5571	938.500
5527	938.600
5636	938.600
5659	938.700
5617	938.800
5828	938.800
5724	938.900
5439	939.300
5484	939.300
5677	939.300
5706	939.400
5697	939.700
5657	939.800
5758	940.400
5506	941.200
5625	941.900
5658	941.900
5813	942.500
5662	945.200
5447	946.200
5666	947.200
5568	947.500
5532	948.300
5656	949.400
5840	949.400
5499	949.500
5605	949.500
5682	949.500
5626	949.600
5716	950.400
5471	950.600
5646	950.700
5564	950.900
5776	951.400
5684	951.700
5842	951.700
5401	952.300
5623	952.300
5791	952.500
5462	952.600
5542	952.700
5540	952.800
5629	952.800
5870	952.900
5811	953.000
5634	953.100
5846	953.400
5461	953.500
5715	953.500
5451	953.600
5661	953.600
5752	953.600
5490	953.700
5517	953.700
5534	953.800
5756	953.900
5456	954.000
5639	954.000
5702	954.200
5717	954.200
5416	954.800
5694	955.000
5703	955.000
5782	955.200
5818	955.400
5804	955.800
5654	956.100
5743	956.100
5816	956.800
5773	956.900
5871	958.300
5693	958.600
5620	958.900
5857	959.000
5862	959.000
5825	959.300
5607	959.500
5650	959.800
5708	959.900
5503	960.000
5406	960.400
5772	960.700
5548	961.400
5675	962.200
5692	963.100
5794	963.600
5392	963.900
5787	964.000
5832	964.100
5618	964.200
5391	964.400
5714	964.400
5613	964.700
5812	965.000
5709	965.300
5679	965.400
5770	965.400
5815	965.400
5817	965.900
5592	966.400
5475	966.600
5546	968.000
5432	968.100
5717	970.100
5508	970.400
5562	970.700
5691	970.700
5524	970.800
5823	971.200
5390	972.000
5866	973.200
5516	974.000
5533	974.300
5481	974.800
5767	975.400
5467	977.100
5619	977.700
5723	977.800
5435	978.000
5457	978.800
5543	981.400
5401	981.700
5509	981.900
5417	982.700
5471	982.700
5642	982.800
5814	982.800
5628	983.300
5547	983.600
5677	983.700
5852	984.000
5569	984.600
5504	984.700
5735	984.800
5617	985.000
5632	985.100
5815	985.100
5863	985.300
5740	985.400
5871	985.500
5860	985.600
5874	985.700
5683	986.000
5779	986.200
5862	986.400
5750	986.600
5528	986.700
5554	986.700
5869	986.800
5777	986.900
5438	987.000
5518	987.000
5692	987.000
5414	987.100
5797	987.400
5419	987.500
5472	987.500
5616	987.500
5760	987.600
5828	987.700
5403	987.800
5576	987.800
5693	987.900
5757	988.100
5535	988.300
5398	988.400
5491	988.400
5789	988.500
5430	988.600
5515	988.600
5456	988.700
5840	988.800
5805	989.100
5485	989.200
5734	989.200
5826	989.200
5546	989.300
5785	989.500
5396	989.600
5702	989.700
5412	989.800
5426	989.900
5644	989.900
5717	989.900
5428	990.000
5446	990.300
5806	990.300
5479	990.400
5493	990.600
5794	990.600
5427	990.800
5442	990.800
5460	990.800
5788	991.000
5749	991.100
5713	991.200
5823	991.400
5669	991.500
5732	991.500
5824	991.500
5659	991.600
5400	991.700
5530	991.700
5724	991.700
5599	991.900
5440	992.200
5499	992.500
5791	992.700
5580	993.000
5818	993.000
5435	993.400
5492	993.400
5488	993.500
5571	993.500
5582	993.500
5564	993.700
5694	994.100
5831	994.800
5637	995.000
5743	995.200
5855	995.300
5765	995.500
5610	995.600
5598	995.800
5846	997.300
5566	999.600
