# NEST version: nest-3-microcircuit@555986536
# RecordingBackendASCII version: 2
sender	time_ms
7545	0.100
7688	0.100
7580	6.000
7561	6.900
7690	7.200
7482	10.300
7515	10.600
7510	10.800
7484	11.000
7634	11.100
7519	11.200
7602	11.200
7504	11.400
7635	11.400
7550	11.700
7579	11.700
7676	11.800
7712	11.900
7661	12.500
7570	12.600
7422	14.600
7637	14.600
7475	14.700
7663	14.900
7706	14.900
7542	15.800
7657	15.800
7558	16.200
7590	17.000
7674	17.200
7477	17.500
7649	17.600
7452	17.700
7616	17.700
7619	18.000
7625	18.000
7435	18.600
7494	18.600
7704	18.600
7490	19.000
7522	19.300
7514	19.600
7439	19.700
7485	20.300
7597	22.600
7505	23.100
7596	23.600
7662	23.600
7656	23.700
7628	24.300
7468	25.000
7507	25.200
7488	26.400
7707	26.800
7534	28.700
7697	29.200
7711	29.300
7709	29.800
7433	30.800
7431	30.900
7708	30.900
7601	31.100
7654	31.600
7530	31.900
7698	31.900
7660	32.100
7629	32.700
7665	33.600
7595	33.800
7673	34.700
7633	34.800
7496	35.000
7457	35.200
7465	35.600
7443	35.800
7473	35.800
7636	35.800
7591	35.900
7583	36.400
7613	36.400
7626	36.400
7446	37.100
7484	37.200
7555	37.700
7551	38.100
7587	38.100
7667	38.100
7455	38.200
7495	39.000
7671	39.100
7581	39.200
7610	41.100
7573	42.200
7422	43.000
7666	43.500
7599	45.100
7545	45.200
7618	46.200
7607	46.300
7453	48.600
7593	48.600
7625	48.900
7571	49.100
7689	49.100
7706	49.200
7437	49.300
7626	49.300
7668	49.400
7550	49.600
7696	49.600
7512	49.800
7657	50.000
7436	51.100
7713	51.100
7510	51.600
7687	52.500
7677	52.600
7497	52.700
7435	53.000
7493	53.200
7576	53.800
7420	53.900
7439	54.000
7521	56.000
7546	56.900
7567	57.300
7590	58.200
7649	58.400
7475	58.500
7532	58.600
7702	58.900
7580	59.300
7634	59.900
7662	60.400
7481	62.600
7551	62.900
7498	63.300
7665	63.300
7620	63.800
7476	64.100
7597	65.500
7646	65.600
7495	65.700
7535	65.700
7427	65.800
7422	66.500
7562	67.600
7525	67.900
7484	68.100
7598	68.700
7474	69.300
7603	69.500
7549	69.800
7561	69.800
7539	70.100
7694	70.500
7617	71.000
7667	71.300
7641	71.500
7601	71.600
7677	71.900
7519	72.100
7461	72.700
7693	72.900
7540	74.800
7510	75.100
7446	75.300
7592	75.300
7579	75.500
7627	75.600
7429	75.800
7671	76.700
7522	77.200
7548	77.800
7559	77.800
7444	78.200
7639	78.200
7455	78.400
7703	78.800
7605	79.500
7488	80.200
7666	80.400
7606	80.500
7629	81.000
7657	81.000
7450	81.100
7472	81.200
7599	81.300
7583	81.400
7594	81.700
7435	81.800
7573	81.900
7493	83.500
7449	83.700
7428	84.300
7644	85.500
7706	85.600
7630	86.200
7674	87.200
7702	88.100
7686	88.400
7660	88.500
7554	88.600
7577	89.400
7663	89.600
7628	90.500
7669	91.000
7507	91.100
7571	92.600
7509	93.100
7701	93.700
7545	93.800
7627	93.900
7539	94.700
7421	94.800
7486	95.600
7566	95.700
7653	95.700
7637	95.800
7525	96.700
7462	96.800
7596	97.000
7490	97.300
7657	97.600
7687	98.000
7457	99.200
7562	99.600
7676	99.900
7439	100.100
7422	101.800
7572	101.800
7694	101.800
7673	102.100
7512	102.400
7498	103.000
7424	103.200
7449	103.200
7551	103.200
7592	103.500
7667	103.700
7704	103.700
7428	103.800
7431	104.100
7528	105.200
7467	106.700
7484	107.500
7695	107.800
7643	108.500
7654	108.700
7538	108.800
7455	109.000
7699	109.000
7685	109.800
7684	110.000
7451	110.400
7530	111.100
7567	111.100
7613	111.100
7485	111.400
7510	111.900
7437	112.100
7446	113.600
7494	113.600
7677	113.800
7435	115.500
7519	116.700
7495	116.800
7529	117.200
7427	117.700
7633	117.900
7475	118.200
7540	118.500
7511	120.300
7598	120.300
7692	120.300
7539	120.800
7565	120.800
7559	121.000
7552	121.600
7659	121.600
7528	122.100
7549	122.200
7609	122.600
7597	123.000
7624	123.000
7461	123.100
7588	123.100
7646	124.300
7666	124.500
7572	124.900
7482	126.000
7671	126.100
7564	127.100
7504	127.300
7694	128.100
7703	128.300
7641	128.600
7608	129.900
7634	130.200
7628	131.000
7466	131.200
7698	131.300
7606	131.600
7434	131.800
7595	132.300
7427	132.500
7507	132.600
7686	133.300
7567	134.100
7708	134.200
7582	134.400
7514	134.800
7516	135.400
7545	135.400
7565	135.500
7657	136.400
7563	137.400
7457	137.600
7638	137.700
7675	138.200
7705	138.500
7440	140.500
7534	140.700
7596	142.000
7470	142.100
7527	143.000
7704	143.000
7494	143.500
7426	143.600
7420	143.700
7579	143.700
7711	143.700
7698	144.100
7490	144.200
7684	144.500
7458	144.600
7702	145.000
7649	145.900
7524	146.100
7677	148.000
7682	148.200
7450	149.000
7669	149.000
7710	149.300
7640	149.900
7489	150.100
7671	150.200
7610	150.500
7623	150.700
7532	151.100
7474	151.400
7622	151.600
7687	152.100
7594	153.200
7519	153.300
7515	153.500
7665	153.600
7443	154.700
7484	155.900
7650	156.500
7580	158.500
7536	158.600
7590	159.500
7632	159.500
7686	159.700
7667	160.000
7487	160.100
7690	160.200
7496	160.600
7495	160.800
7439	161.400
7555	161.400
7655	161.400
7546	161.500
7679	161.600
7578	161.700
7466	162.000
7421	162.200
7436	162.200
7601	162.400
7648	162.500
7425	162.600
7627	162.600
7522	164.800
7485	167.100
7493	167.400
7540	167.700
7562	168.000
7445	168.100
7579	168.400
7427	168.500
7545	168.500
7639	169.000
7566	169.200
7519	169.300
7702	169.300
7548	169.400
7558	169.500
7638	171.300
7626	171.500
7473	172.100
7537	172.500
7610	172.500
7547	172.800
7646	172.800
7657	172.800
7502	173.000
7468	173.100
7591	174.000
7481	174.900
7434	176.700
7654	177.400
7420	177.500
7581	177.500
7543	177.600
7694	178.400
7520	178.600
7510	179.300
7660	179.400
7628	179.700
7426	180.100
7459	180.200
7658	180.300
7567	180.400
7507	180.600
7664	182.900
7670	183.400
7651	183.500
7489	183.600
7602	184.000
7708	184.700
7484	184.900
7554	185.800
7504	186.100
7621	186.300
7605	186.500
7551	186.900
7532	187.600
7595	188.200
7573	188.600
7633	190.900
7593	191.300
7577	191.400
7682	191.700
7676	192.400
7511	192.700
7674	192.900
7539	193.000
7692	193.200
7469	193.400
7424	193.500
7466	194.400
7679	195.300
7698	196.600
7421	196.900
7613	197.000
7599	197.100
7641	197.200
7617	197.600
7471	198.600
7568	198.800
7490	199.000
7604	199.100
7686	199.100
7518	199.200
7435	201.100
7711	201.100
7637	202.000
7420	202.200
7658	202.500
7500	202.600
7498	202.800
7529	203.200
7516	203.300
7477	203.500
7503	204.300
7704	205.700
7707	205.900
7615	206.700
7644	207.300
7659	207.400
7431	207.500
7709	208.300
7433	208.500
7603	208.500
7565	209.400
7614	209.400
7545	209.600
7601	209.700
7663	209.800
7459	210.000
7632	210.300
7640	210.300
7523	213.600
7531	213.600
7441	213.800
7537	213.900
7427	214.300
7596	214.300
7546	214.500
7558	214.500
7600	214.800
7692	215.000
7657	215.700
7655	215.900
7586	216.200
7673	216.500
7643	217.200
7572	217.700
7703	219.900
7698	220.300
7687	222.100
7669	222.300
7509	222.500
7507	222.800
7498	222.900
7555	223.300
7671	223.800
7528	223.900
7651	224.000
7494	224.200
7641	224.300
7576	224.700
7474	225.400
7595	225.500
7618	225.500
7467	225.600
7453	226.100
7497	226.100
7421	226.800
7608	228.100
7479	228.900
7490	230.600
7426	231.800
7594	232.200
7684	232.200
7590	232.300
7702	232.400
7499	232.600
7613	232.800
7567	233.300
7639	233.300
7601	233.500
7610	233.500
7675	233.600
7615	233.700
7713	233.700
7501	234.400
7665	234.400
7596	234.600
7580	235.700
7578	236.100
7549	238.500
7711	238.800
7655	239.200
7691	239.500
7616	240.000
7693	240.200
7634	240.500
7600	240.800
7471	241.300
7598	241.400
7487	241.600
7588	242.700
7657	242.900
7473	243.100
7626	243.800
7494	244.700
7654	244.800
7562	245.100
7627	245.500
7637	246.400
7424	247.000
7582	247.600
7532	247.700
7660	247.900
7685	248.100
7686	248.200
7704	248.300
7534	248.500
7575	249.100
7439	249.400
7652	250.500
7601	251.700
7544	252.100
7595	252.600
7571	252.800
7586	253.000
7496	253.700
7529	253.700
7622	253.700
7514	254.000
7524	254.100
7507	254.800
7493	255.300
7495	255.500
7551	255.500
7695	257.400
7505	258.200
7573	258.400
7476	258.600
7491	258.600
7703	258.600
7498	258.700
7425	258.900
7436	259.000
7537	259.200
7641	259.300
7702	259.900
7503	260.000
7599	260.100
7658	260.300
7479	260.400
7501	261.400
7651	262.400
7553	262.800
7657	262.900
7694	263.300
7482	263.800
7669	264.600
7646	265.500
7488	266.100
7620	266.700
7707	266.800
7659	267.300
7667	267.600
7603	268.100
7589	268.400
7580	268.600
7586	268.900
7431	269.100
7520	269.800
7560	269.900
7531	270.200
7664	270.400
7572	271.100
7642	272.700
7440	272.800
7510	274.100
7504	276.300
7604	276.600
7528	277.000
7648	277.400
7625	277.500
7468	277.700
7484	278.000
7555	278.000
7446	278.200
7549	278.800
7434	279.500
7474	279.500
7542	279.600
7420	279.900
7640	280.000
7421	280.100
7458	280.300
7666	280.500
7443	280.800
7654	280.800
7561	281.600
7677	281.800
7594	282.000
7529	282.800
7457	283.400
7671	283.400
7564	283.600
7636	283.900
7499	284.500
7660	284.500
7587	286.900
7582	287.100
7453	287.700
7467	289.100
7530	289.300
7601	289.400
7466	289.900
7489	290.000
7610	290.000
7686	290.300
7674	290.400
7473	290.600
7696	290.700
7548	291.200
7626	291.700
7595	292.100
7685	293.700
7702	293.800
7540	295.200
7580	295.700
7619	296.500
7592	296.600
7430	296.900
7665	297.300
7590	298.000
7701	298.000
7657	298.500
7532	298.700
7507	299.000
7627	300.700
7638	301.400
7498	301.800
7534	301.900
7555	302.300
7559	302.500
7575	302.700
7506	304.300
7522	304.400
7449	304.500
7470	305.300
7706	305.900
7503	306.100
7637	306.200
7546	307.800
7571	307.900
7550	308.100
7675	308.300
7551	308.400
7566	308.400
7599	309.500
7613	310.200
7478	310.700
7606	311.000
7429	311.400
7588	311.500
7643	311.500
7667	311.500
7583	311.700
7584	311.800
7616	313.600
7641	313.900
7597	314.000
7623	314.000
7703	314.500
7527	315.000
7600	316.100
7463	316.200
7538	316.200
7485	316.400
7465	319.100
7627	319.200
7651	319.300
7482	319.800
7524	320.400
7646	320.400
7634	320.800
7545	321.500
7547	321.600
7580	322.200
7612	322.500
7436	322.800
7431	323.500
7494	323.600
7603	323.600
7560	323.700
7428	323.900
7510	324.000
7618	324.000
7457	324.200
7576	324.800
7420	325.000
7676	326.800
7605	327.700
7495	328.100
7586	328.800
7564	330.100
7440	330.200
7475	330.200
7565	330.500
7525	331.700
7682	331.800
7507	332.100
7692	332.200
7570	332.300
7574	332.400
7686	332.500
7667	332.600
7687	332.900
7640	333.000
7698	333.100
7488	333.900
7503	333.900
7700	335.500
7674	335.800
7595	336.000
7704	336.200
7555	336.300
7473	336.900
7474	336.900
7636	337.100
7446	338.000
7427	338.700
7468	339.300
7501	339.700
7544	340.700
7596	340.900
7657	341.800
7694	342.000
7567	342.300
7603	342.700
7420	343.200
7684	343.600
7654	343.700
7559	344.100
7583	344.600
7512	344.700
7643	346.000
7679	346.200
7591	346.700
7646	347.200
7549	347.400
7531	347.800
7548	347.800
7524	348.000
7491	348.100
7516	348.100
7442	348.300
7460	348.600
7445	349.300
7580	350.300
7477	350.900
7618	351.600
7599	351.800
7507	352.300
7649	352.300
7487	352.700
7584	353.100
7550	354.000
7528	354.100
7478	356.400
7637	356.700
7569	356.900
7502	357.000
7651	357.600
7662	358.200
7707	358.900
7428	359.100
7711	359.100
7459	359.500
7505	359.600
7664	359.700
7639	360.000
7447	360.500
7686	360.700
7689	360.900
7473	361.100
7583	362.500
7532	363.100
7590	364.600
7655	365.700
7638	365.800
7543	366.100
7567	366.200
7702	366.200
7596	366.400
7611	366.900
7576	367.400
7534	367.600
7452	367.800
7610	368.900
7581	369.600
7640	369.900
7708	370.000
7697	370.400
7572	371.300
7506	371.500
7523	371.600
7547	372.000
7483	372.200
7421	372.700
7453	372.800
7504	372.900
7595	372.900
7489	373.000
7605	373.200
7430	374.300
7527	375.100
7501	375.200
7481	376.600
7629	376.700
7427	376.800
7519	376.800
7687	377.900
7434	378.200
7525	378.200
7673	378.300
7704	381.300
7600	381.600
7583	382.400
7494	382.500
7617	382.800
7449	382.900
7615	382.900
7648	382.900
7598	383.100
7683	383.400
7679	383.500
7682	383.900
7516	384.200
7592	384.300
7601	386.500
7636	387.000
7473	387.700
7474	387.900
7443	388.300
7493	389.200
7446	389.700
7468	389.800
7570	390.200
7455	390.300
7578	390.300
7520	390.400
7560	390.500
7594	390.600
7438	391.000
7667	391.200
7448	391.400
7646	391.400
7465	391.500
7425	391.800
7524	392.700
7573	393.100
7511	393.200
7478	393.900
7674	394.000
7641	394.800
7630	395.200
7480	395.800
7605	396.700
7460	397.100
7532	397.200
7590	397.300
7567	399.100
7445	399.300
7515	399.300
7554	400.100
7668	400.900
7597	401.100
7662	401.300
7549	402.100
7584	402.300
7650	403.700
7481	403.800
7461	404.000
7471	404.100
7632	404.100
7686	404.300
7637	405.100
7489	405.500
7521	407.200
7611	407.800
7449	408.000
7606	408.200
7654	408.300
7639	408.400
7705	409.100
7655	409.200
7594	409.800
7441	409.900
7555	410.700
7476	411.000
7667	411.200
7522	411.600
7627	411.600
7533	412.000
7657	412.100
7566	412.200
7638	412.800
7427	413.200
7711	414.200
7686	415.800
7551	415.900
7420	416.100
7692	416.100
7595	416.300
7543	416.700
7713	416.700
7529	417.200
7660	417.200
7459	417.800
7663	417.800
7531	418.800
7696	419.900
7520	420.000
7622	420.000
7445	420.100
7674	420.100
7469	420.200
7571	420.200
7478	421.200
7702	421.400
7548	423.000
7564	423.100
7601	423.500
7657	424.100
7490	424.200
7440	424.300
7439	424.500
7421	425.000
7710	425.300
7687	425.400
7507	425.500
7680	427.100
7425	427.500
7457	429.400
7590	429.700
7661	430.600
7699	431.500
7524	431.700
7431	431.800
7686	431.800
7604	432.300
7644	432.400
7596	432.500
7479	433.400
7467	433.800
7584	435.500
7634	435.700
7588	435.900
7422	436.000
7586	436.600
7519	437.100
7563	437.200
7579	437.700
7495	437.900
7527	437.900
7651	437.900
7709	438.200
7490	438.400
7449	439.000
7671	439.200
7657	440.000
7421	441.100
7482	441.300
7444	441.800
7450	442.100
7486	442.800
7595	442.800
7678	443.800
7476	444.000
7516	445.900
7528	446.100
7654	446.100
7580	446.300
7704	447.000
7567	447.200
7713	447.200
7637	448.000
7636	448.100
7484	449.000
7509	449.300
7686	450.000
7619	450.600
7424	450.700
7568	451.000
7428	451.500
7571	451.500
7430	452.600
7669	453.000
7537	453.900
7643	454.200
7685	454.200
7640	454.400
7463	454.700
7655	455.100
7565	455.300
7443	456.700
7649	456.900
7642	457.100
7699	457.300
7628	457.400
7657	457.500
7711	457.500
7603	457.600
7507	457.700
7633	457.700
7440	457.800
7644	457.800
7520	458.700
7613	459.400
7555	460.000
7706	460.000
7488	460.400
7530	461.800
7605	462.200
7441	462.300
7546	462.300
7515	462.800
7495	462.900
7602	462.900
7592	465.600
7617	465.600
7709	465.700
7599	466.100
7557	466.200
7671	466.400
7480	466.900
7482	468.000
7664	468.400
7551	468.600
7710	468.900
7583	469.900
7598	470.000
7532	470.900
7572	471.100
7638	471.100
7513	471.400
7660	471.500
7703	471.700
7500	471.800
7637	472.000
7670	472.100
7576	472.500
7428	472.900
7521	473.200
7552	473.500
7667	473.500
7573	474.000
7494	474.500
7460	474.700
7420	475.100
7567	475.500
7498	475.900
7529	475.900
7641	477.200
7671	477.800
7597	478.100
7456	478.200
7695	478.500
7653	480.700
7483	481.000
7423	481.200
7561	481.200
7604	481.200
7605	481.900
7610	482.000
7674	482.100
7501	483.000
7636	483.400
7568	483.800
7515	484.000
7474	484.100
7510	485.800
7704	485.800
7550	486.600
7461	486.700
7531	486.700
7489	486.800
7439	487.000
7594	487.100
7601	488.700
7622	489.100
7634	489.400
7465	489.800
7615	489.900
7595	490.600
7520	491.700
7635	492.200
7654	492.400
7484	494.900
7580	494.900
7424	495.000
7479	495.800
7496	495.800
7564	496.000
7544	496.100
7430	496.300
7588	496.300
7685	497.100
7632	497.400
7566	498.100
7629	498.600
7643	499.100
7679	499.400
7438	499.600
7628	499.800
7449	500.100
7532	500.200
7464	501.600
7681	501.600
7516	502.800
7599	502.800
7697	502.800
7435	502.900
7543	504.900
7655	504.900
7507	505.100
7584	505.700
7693	505.900
7441	506.500
7518	506.500
7698	506.500
7633	506.900
7636	508.500
7674	508.700
7563	509.000
7614	509.200
7454	509.600
7502	510.900
7706	511.800
7657	512.600
7520	512.700
7570	512.900
7709	513.000
7642	513.100
7702	513.100
7616	513.600
7596	513.700
7578	513.800
7649	514.500
7474	514.700
7619	515.100
7615	515.700
7634	517.600
7428	518.300
7531	518.300
7567	518.800
7601	519.000
7622	519.900
7442	520.800
7515	520.900
7630	520.900
7471	521.000
7661	521.100
7477	521.500
7521	521.600
7534	522.100
7445	522.400
7586	522.400
7433	523.100
7662	523.400
7449	523.900
7637	524.400
7493	524.600
7421	524.700
7656	524.800
7654	525.300
7430	525.700
7628	525.700
7487	525.800
7566	526.100
7687	526.500
7627	527.000
7679	527.400
7427	528.800
7610	531.800
7524	531.900
7673	531.900
7667	532.300
7457	532.400
7588	533.400
7617	533.700
7699	534.700
7495	535.500
7598	535.700
7528	535.800
7595	536.000
7713	536.000
7514	536.200
7560	536.200
7435	536.500
7520	536.500
7602	536.500
7655	536.700
7537	536.800
7567	537.900
7643	538.800
7519	539.200
7563	539.200
7543	539.600
7695	539.600
7459	539.700
7669	539.900
7663	540.000
7691	541.100
7636	541.800
7510	541.900
7434	542.700
7453	543.300
7703	543.600
7619	544.300
7605	544.900
7626	544.900
7540	545.500
7506	545.700
7480	547.000
7657	547.000
7702	547.500
7577	548.800
7688	549.300
7555	549.800
7531	550.900
7498	551.600
7649	551.600
7667	551.700
7637	552.100
7588	552.200
7696	552.700
7485	553.100
7590	553.100
7427	553.300
7447	554.100
7692	554.300
7579	554.400
7642	554.400
7503	554.800
7633	554.900
7501	555.200
7522	555.300
7529	555.500
7634	555.700
7706	557.500
7534	557.600
7449	558.100
7527	558.200
7674	558.500
7683	559.100
7672	559.400
7652	559.800
7602	560.000
7591	560.300
7446	560.700
7479	560.900
7707	561.100
7455	561.800
7476	563.600
7496	563.900
7443	564.000
7610	565.600
7568	566.700
7425	567.300
7627	567.400
7487	567.600
7515	567.700
7573	568.000
7511	568.200
7481	568.500
7448	568.600
7550	568.800
7646	568.900
7424	569.100
7456	569.100
7704	569.100
7654	571.500
7428	572.000
7555	572.200
7607	572.700
7686	572.900
7694	573.000
7499	573.300
7459	573.400
7567	573.500
7592	573.500
7658	573.700
7500	573.800
7427	575.100
7463	575.600
7534	576.000
7601	576.300
7596	576.700
7545	577.700
7617	578.100
7669	578.300
7583	578.500
7575	579.300
7566	579.500
7628	580.500
7480	580.700
7647	581.000
7665	581.600
7482	581.900
7571	582.300
7529	582.400
7626	582.700
7526	583.000
7525	583.300
7668	583.900
7633	584.300
7477	584.800
7574	585.300
7540	585.600
7489	586.200
7498	586.400
7648	586.500
7468	586.700
7667	586.800
7541	586.900
7682	587.400
7645	589.100
7620	590.500
7476	590.800
7579	591.200
7677	593.200
7520	593.400
7709	593.600
7457	594.700
7694	594.700
7623	595.200
7433	596.300
7527	596.500
7438	596.600
7643	596.700
7578	596.900
7649	597.300
7500	597.700
7504	597.700
7546	597.800
7553	597.800
7515	597.900
7550	598.100
7430	598.200
7484	598.200
7641	598.400
7435	598.600
7511	598.700
7522	598.700
7687	598.700
7481	598.800
7516	598.900
7572	599.200
7662	599.300
7519	600.500
7426	601.600
7632	602.000
7621	602.200
7679	602.700
7565	603.700
7663	604.900
7591	605.100
7521	606.200
7554	606.400
7523	606.800
7495	607.000
7615	608.200
7606	608.400
7549	609.300
7563	610.100
7443	610.200
7491	610.500
7610	610.900
7510	611.200
7573	611.800
7433	612.700
7490	612.700
7667	612.700
7605	612.800
7656	613.000
7467	613.600
7453	614.500
7480	614.600
7561	614.700
7461	614.900
7690	615.000
7669	615.100
7597	615.400
7452	615.800
7486	616.000
7657	618.400
7466	619.200
7482	619.700
7421	621.800
7528	621.900
7456	622.300
7621	622.500
7473	622.700
7526	622.700
7674	622.800
7501	622.900
7435	623.200
7572	623.200
7546	623.400
7687	623.400
7503	624.300
7536	624.500
7578	624.600
7673	624.700
7594	625.000
7488	625.200
7427	626.400
7437	626.900
7660	627.600
7551	628.000
7475	628.800
7420	629.300
7691	629.600
7641	629.800
7620	630.200
7654	630.200
7469	630.400
7476	630.700
7513	631.000
7615	631.100
7428	631.200
7424	632.400
7637	632.800
7498	633.400
7664	633.900
7695	634.900
7709	636.000
7470	636.400
7448	636.900
7645	637.700
7537	638.400
7629	638.900
7564	639.300
7593	639.500
7596	639.700
7519	640.300
7529	640.500
7585	641.100
7686	641.100
7507	641.200
7550	641.200
7703	641.600
7628	642.100
7520	642.800
7525	643.200
7504	643.600
7510	643.600
7433	644.300
7457	645.500
7552	646.300
7687	646.700
7447	646.800
7427	646.900
7706	647.200
7624	648.400
7583	648.700
7657	648.800
7452	649.300
7665	649.400
7528	649.500
7699	649.900
7590	650.300
7453	650.400
7490	650.400
7566	650.500
7601	650.500
7594	650.700
7439	650.800
7421	651.100
7608	651.400
7674	652.200
7666	653.600
7425	654.100
7456	655.700
7475	655.900
7527	655.900
7467	656.500
7612	656.500
7662	656.800
7479	656.900
7582	657.300
7435	657.400
7426	657.600
7613	658.100
7488	658.900
7709	658.900
7529	660.800
7660	661.000
7516	661.200
7580	661.400
7636	661.900
7641	662.100
7686	662.700
7457	663.300
7494	663.600
7609	665.500
7546	665.700
7605	666.400
7696	666.700
7430	666.800
7551	667.200
7577	667.200
7548	667.400
7461	667.500
7553	667.500
7687	668.900
7634	669.000
7522	669.300
7545	669.300
7564	669.900
7478	670.300
7694	671.100
7422	671.300
7507	671.600
7604	672.200
7675	672.200
7500	673.300
7530	674.900
7558	676.500
7640	676.500
7621	676.700
7476	676.800
7441	676.900
7474	676.900
7590	677.000
7486	677.500
7425	678.100
7503	678.200
7484	678.700
7591	678.900
7627	678.900
7699	679.000
7635	680.000
7615	680.500
7708	680.600
7661	680.800
7509	681.600
7596	682.300
7428	682.400
7619	683.400
7462	683.900
7586	684.500
7713	684.700
7669	684.800
7566	684.900
7550	685.300
7453	686.600
7633	687.100
7582	687.600
7475	688.000
7489	688.200
7677	688.500
7515	688.900
7637	689.000
7506	689.200
7630	689.300
7593	689.600
7525	689.800
7459	690.400
7579	690.600
7505	691.700
7702	691.800
7498	692.100
7473	693.600
7438	693.700
7572	694.100
7456	694.300
7504	694.500
7600	695.400
7549	696.600
7560	697.600
7470	698.000
7485	698.000
7641	699.300
7610	699.500
7571	700.700
7510	700.900
7448	701.000
7554	701.000
7638	701.200
7495	701.300
7578	701.300
7424	701.400
7595	701.400
7693	702.000
7564	702.200
7493	702.900
7471	703.200
7629	703.200
7690	703.400
7606	703.500
7575	704.600
7421	705.400
7490	705.900
7656	706.500
7557	707.400
7577	707.900
7590	707.900
7423	708.600
7589	708.600
7661	708.700
7618	709.000
7449	709.200
7518	709.200
7507	710.000
7632	710.100
7667	710.100
7511	710.300
7451	710.700
7537	710.800
7591	711.000
7601	711.000
7674	711.200
7692	711.500
7503	712.500
7439	712.900
7501	713.000
7567	713.400
7655	713.400
7520	713.900
7711	714.100
7657	714.800
7473	715.300
7646	718.300
7704	718.300
7444	718.700
7614	719.000
7477	719.100
7586	719.400
7431	719.700
7602	720.700
7420	721.000
7620	721.500
7510	721.700
7698	722.300
7682	722.400
7670	722.500
7643	722.700
7658	722.800
7605	723.000
7603	723.200
7673	723.400
7441	723.800
7500	724.000
7598	724.100
7507	725.100
7622	725.100
7684	725.500
7613	726.200
7546	726.600
7498	727.100
7677	727.200
7671	727.400
7528	727.500
7453	727.600
7665	727.900
7474	728.100
7628	728.300
7634	728.600
7694	728.600
7537	728.900
7657	729.100
7641	729.200
7669	730.100
7514	733.500
7582	733.700
7496	735.000
7509	735.400
7549	736.200
7504	736.300
7570	736.400
7427	736.500
7516	736.700
7572	736.900
7707	737.100
7460	737.500
7601	737.500
7578	739.800
7645	739.900
7501	740.000
7442	740.100
7505	740.700
7636	740.900
7482	741.300
7420	742.000
7623	742.200
7647	742.800
7660	743.100
7632	743.200
7643	743.900
7691	744.100
7541	744.300
7488	744.800
7662	746.000
7671	746.200
7650	747.300
7569	748.200
7457	748.300
7554	748.400
7644	748.400
7428	748.600
7590	748.600
7465	748.800
7531	749.100
7474	749.400
7596	749.900
7679	750.300
7584	750.600
7599	750.600
7421	750.900
7565	752.400
7563	753.700
7543	754.200
7678	754.700
7545	754.900
7610	755.000
7436	755.200
7540	755.800
7699	755.800
7619	756.200
7568	756.500
7487	756.600
7533	756.700
7693	757.000
7427	757.200
7659	757.600
7576	758.500
7591	759.300
7609	759.600
7498	760.000
7667	760.200
7435	760.700
7589	760.900
7655	761.000
7677	761.100
7537	761.300
7481	761.800
7560	762.000
7618	762.400
7453	762.500
7549	764.000
7511	764.900
7595	764.900
7510	766.300
7497	766.400
7577	767.000
7460	767.200
7690	767.500
7567	767.700
7604	767.900
7692	768.000
7608	768.600
7432	769.100
7439	769.100
7643	769.600
7663	770.500
7583	770.900
7580	772.100
7434	772.300
7494	773.100
7495	773.800
7573	774.000
7513	774.400
7620	774.400
7452	774.500
7658	774.500
7482	775.500
7633	776.200
7616	777.300
7551	778.400
7502	778.600
7468	778.800
7598	779.300
7485	780.200
7657	780.200
7656	780.300
7534	780.700
7558	780.900
7448	781.100
7547	781.100
7707	781.100
7517	781.200
7637	781.700
7492	781.900
7529	782.500
7702	784.200
7532	784.900
7575	784.900
7536	785.000
7437	785.100
7501	785.100
7543	785.100
7478	785.300
7593	785.800
7651	787.800
7683	788.700
7706	790.900
7619	791.100
7667	791.200
7674	791.200
7626	791.500
7713	791.900
7581	792.000
7439	792.200
7568	792.500
7578	792.500
7459	792.600
7572	792.600
7503	792.700
7655	793.400
7628	793.500
7484	794.600
7535	794.700
7599	795.000
7642	795.100
7504	795.900
7643	795.900
7691	798.300
7560	799.900
7639	800.000
7420	800.300
7445	800.400
7487	800.400
7453	800.600
7657	800.900
7695	800.900
7677	801.100
7430	801.300
7480	801.400
7497	801.400
7670	801.500
7565	801.600
7435	801.700
7528	801.700
7590	801.900
7610	802.400
7449	802.500
7587	803.400
7634	806.100
7669	806.800
7576	807.000
7594	807.100
7655	807.300
7464	807.600
7688	807.700
7573	807.800
7595	807.800
7644	808.200
7642	808.500
7637	810.600
7473	811.000
7424	811.800
7656	813.200
7671	813.300
7704	814.400
7711	814.800
7507	815.000
7505	815.200
7605	815.200
7643	815.500
7640	815.800
7571	816.100
7557	816.200
7501	816.700
7645	816.800
7537	817.100
7686	817.700
7699	819.800
7691	821.000
7567	821.300
7536	821.500
7628	821.900
7594	822.000
7515	822.100
7520	822.100
7698	822.300
7654	822.600
7516	823.600
7521	823.600
7618	823.600
7427	823.900
7529	824.200
7674	824.400
7551	825.100
7443	825.200
7678	825.200
7657	825.600
7564	825.700
7613	825.800
7687	826.000
7544	826.900
7624	827.800
7706	829.000
7422	829.900
7574	829.900
7709	830.800
7444	832.000
7697	832.000
7641	833.000
7559	833.600
7586	834.200
7433	835.300
7498	835.600
7563	835.600
7623	835.800
7436	836.300
7700	836.400
7634	837.400
7638	837.500
7684	837.500
7547	837.700
7552	837.800
7457	838.000
7671	838.200
7598	838.300
7608	838.800
7604	839.800
7667	840.200
7505	841.200
7510	842.100
7496	842.600
7504	843.200
7537	843.500
7578	843.700
7651	844.300
7689	844.300
7704	844.400
7595	844.700
7584	844.900
7588	846.200
7628	846.300
7509	846.800
7482	846.900
7612	846.900
7420	847.300
7470	847.500
7703	847.600
7570	849.200
7534	849.400
7525	849.800
7660	849.800
7695	849.800
7475	850.300
7553	850.400
7434	850.700
7591	851.200
7566	851.800
7426	852.000
7479	852.000
7590	852.700
7532	853.000
7615	853.000
7573	853.800
7507	855.300
7564	856.100
7443	857.300
7611	857.500
7501	858.600
7490	859.500
7531	859.800
7599	859.800
7686	860.000
7567	861.800
7467	862.000
7533	862.800
7688	862.800
7690	863.400
7503	863.500
7471	863.800
7527	863.800
7446	864.100
7481	864.100
7565	864.400
7664	864.500
7524	865.100
7680	865.400
7706	865.400
7606	865.700
7453	866.000
7674	866.100
7638	866.600
7589	867.100
7620	867.200
7670	867.200
7445	868.800
7495	869.100
7452	870.300
7696	870.600
7518	870.900
7614	870.900
7577	871.600
7549	871.700
7605	871.700
7687	872.400
7583	872.600
7590	873.800
7514	875.400
7661	875.600
7641	875.700
7669	876.300
7546	876.600
7646	876.600
7679	876.600
7494	877.200
7539	877.300
7422	877.500
7703	877.500
7420	877.600
7702	877.600
7604	877.700
7643	877.800
7521	878.800
7525	878.900
7579	879.800
7648	881.000
7475	881.500
7492	882.300
7613	882.500
7574	883.200
7631	883.300
7517	883.400
7628	883.800
7634	883.800
7446	884.000
7460	884.600
7438	885.300
7684	885.300
7599	885.600
7704	885.700
7595	887.100
7500	887.800
7510	888.000
7607	888.700
7586	888.900
7601	889.200
7555	889.300
7633	890.500
7668	890.800
7622	891.400
7660	891.400
7496	892.100
7428	892.700
7481	893.300
7497	893.900
7447	894.100
7431	894.600
7676	895.100
7632	895.700
7713	896.000
7610	896.400
7526	897.400
7443	897.700
7502	898.200
7647	898.200
7671	898.400
7566	898.900
7695	899.100
7580	899.200
7501	899.600
7490	899.700
7468	899.800
7696	900.100
7516	902.700
7567	902.900
7693	902.900
7448	903.300
7498	903.600
7686	903.700
7643	903.800
7694	904.300
7678	904.600
7677	905.300
7675	905.800
7673	906.300
7457	906.400
7558	906.500
7709	907.400
7441	907.600
7495	907.900
7641	907.900
7449	910.100
7539	910.700
7537	911.200
7433	911.600
7568	911.600
7553	911.700
7590	911.800
7425	911.900
7440	912.100
7683	912.100
7628	912.300
7632	912.400
7690	912.500
7511	912.600
7487	913.000
7600	913.100
7547	913.200
7591	913.300
7491	913.900
7623	916.700
7565	918.400
7515	918.800
7692	919.000
7532	919.500
7659	919.800
7434	920.400
7674	920.400
7482	920.500
7503	921.200
7610	921.200
7507	921.300
7657	921.400
7549	922.000
7705	922.700
7504	924.200
7478	924.700
7424	925.000
7439	925.600
7661	926.300
7573	926.700
7593	927.100
7688	927.100
7589	927.400
7616	927.400
7648	927.600
7712	928.000
7557	928.200
7673	928.600
7645	928.700
7615	929.600
7686	929.800
7517	930.000
7618	930.500
7625	930.500
7524	930.700
7535	931.400
7620	931.600
7667	932.700
7617	934.200
7569	934.600
7501	934.800
7575	935.300
7642	935.500
7707	935.600
7658	935.800
7477	937.000
7473	937.500
7601	937.500
7669	937.500
7435	937.600
7512	937.600
7665	938.000
7449	939.000
7564	939.000
7578	939.300
7567	939.800
7628	940.300
7694	940.300
7493	940.500
7619	941.000
7558	941.900
7452	942.300
7427	942.700
7574	943.300
7594	943.600
7654	943.600
7551	944.000
7528	945.000
7643	945.200
7602	945.300
7506	946.200
7596	946.400
7510	946.500
7479	947.200
7577	947.200
7537	947.900
7534	948.000
7424	948.400
7637	948.500
7495	948.600
7576	949.400
7505	951.600
7533	951.700
7507	951.800
7542	952.900
7571	953.300
7550	953.400
7693	953.600
7475	953.700
7520	953.900
7687	954.500
7711	954.500
7519	954.900
7464	955.400
7605	956.100
7595	956.300
7489	956.400
7572	956.900
7616	957.300
7676	957.400
7671	957.800
7582	957.900
7560	958.000
7583	958.000
7546	959.100
7702	959.600
7667	959.900
7473	961.100
7600	961.200
7655	963.900
7674	963.900
7443	964.100
7454	964.100
7633	964.100
7436	965.000
7522	965.000
7662	965.300
7457	965.900
7615	966.200
7657	966.400
7610	966.500
7591	966.700
7617	967.800
7564	969.300
7576	969.400
7696	970.600
7694	970.800
7427	970.900
7663	971.000
7490	971.200
7645	971.900
7686	972.300
7703	972.400
7421	972.900
7566	973.100
7675	973.500
7463	973.800
7545	974.400
7588	974.600
7525	974.900
7670	974.900
7601	975.200
7498	976.300
7704	976.300
7448	976.500
7420	977.600
7684	978.800
7501	979.700
7495	979.900
7639	980.200
7428	980.500
7522	980.500
7531	982.100
7468	983.500
7574	983.700
7641	984.100
7644	984.100
7677	984.500
7464	984.600
7510	985.500
7427	985.900
7636	986.300
7671	986.700
7443	987.000
7534	987.200
7571	987.300
7461	987.400
7526	987.600
7605	987.600
7467	987.800
7606	988.200
7481	988.900
7629	989.200
7439	989.500
7609	991.100
7551	991.500
7565	991.500
7590	991.600
7709	991.800
7497	991.900
7458	992.000
7425	992.200
7548	992.300
7539	992.600
7489	992.700
7449	992.800
7431	992.900
7529	993.500
7589	993.800
7563	994.500
7657	994.900
7632	995.400
7661	995.600
7608	996.000
7699	996.200
7686	998.000
7537	999.300
7679	999.400
7580	999.500
7582	1000.000
7615	1000.000
