# NEST version: master@992860964
# RecordingBackendASCII version: 2
sender	time_ms
5896	500.900
5927	502.300
5937	504.400
5974	505.700
5981	506.200
5898	507.200
5953	507.700
5881	507.800
5973	508.300
5901	508.400
5942	510.700
5934	510.800
5883	515.400
5918	516.000
5960	518.200
5982	520.100
5917	523.000
5902	523.500
5887	523.600
5901	523.900
5933	523.900
5928	524.200
5927	524.400
5962	525.200
5936	530.500
5882	531.100
5943	533.600
5974	533.900
5880	534.000
5949	536.100
5953	536.200
5922	537.400
5981	538.700
5902	538.900
5941	543.000
5920	547.200
5893	547.600
5959	548.100
5914	548.200
5964	548.300
5901	550.600
5883	550.900
5931	551.500
5904	553.300
5928	554.100
5908	556.800
5977	558.800
5982	558.800
5881	558.900
5973	559.400
5942	562.900
5954	564.500
5929	565.700
5927	566.300
5911	566.700
5940	567.400
5885	568.000
5888	568.300
5976	568.800
5922	574.700
5932	575.700
5980	577.500
5903	578.600
5945	578.700
5887	579.400
5933	579.400
5883	580.400
5895	587.400
5925	587.400
5890	587.900
5877	589.100
5950	590.000
5948	592.500
5969	592.700
5957	592.900
5921	593.600
5909	595.100
5889	595.400
5884	596.100
5947	596.600
5891	598.800
5916	599.400
5911	599.500
5979	599.800
5977	600.300
5958	603.500
5935	605.900
5912	606.500
5922	610.400
5888	613.200
5945	613.300
5949	613.400
5952	618.400
5934	618.500
5914	618.600
5939	618.800
5877	620.000
5973	620.400
5978	620.500
5963	621.400
5924	623.000
5975	626.500
5931	627.900
5899	628.400
5917	628.700
5981	631.800
5886	634.000
5976	634.200
5908	634.400
5898	636.400
5979	637.200
5956	637.300
5912	637.600
5913	638.900
5977	639.700
5951	643.500
5974	644.800
5918	645.000
5932	645.300
5897	645.900
5962	647.700
5901	647.800
5942	651.100
5970	651.400
5954	653.300
5922	656.500
5939	659.300
5902	659.600
5934	659.700
5885	659.800
5971	660.100
5909	660.400
5917	661.200
5960	661.900
5941	662.400
5913	666.000
5883	668.400
5965	668.500
5958	670.100
5905	674.700
5949	676.600
5928	676.800
5900	677.100
5937	677.300
5914	679.400
5935	680.600
5956	682.500
5891	683.400
5887	683.900
5911	685.000
5977	686.900
5936	690.200
5934	690.900
5953	692.500
5902	692.600
5899	692.700
5896	693.400
5964	693.800
5951	694.900
5952	697.400
5960	697.400
5901	697.500
5900	700.300
5894	700.400
5912	701.200
5928	705.400
5955	706.900
5972	707.500
5940	709.300
5921	713.400
5908	713.900
5973	714.400
5968	714.900
5939	715.700
5920	716.200
5980	716.600
5911	717.800
5953	720.800
5954	722.500
5890	722.700
5938	722.700
5934	723.700
5929	723.900
5935	724.800
5898	727.400
5966	729.700
5888	730.200
5899	731.600
5967	736.300
5901	737.200
5895	737.400
5900	738.600
5940	739.600
5978	740.400
5949	744.300
5884	745.200
5930	745.400
5959	745.500
5894	745.900
5957	745.900
5920	747.000
5974	748.400
5953	749.400
5976	749.800
5973	751.300
5942	755.000
5934	755.700
5898	757.600
5929	757.600
5924	759.600
5980	762.900
5963	763.900
5913	764.900
5922	766.800
5941	767.400
5877	769.200
5883	769.600
5960	770.800
5909	771.900
5945	771.900
5948	773.900
5975	774.000
5962	774.600
5981	775.700
5976	778.500
5947	783.000
5911	784.000
5910	784.600
5905	784.700
5943	785.500
5885	785.900
5882	787.800
5982	791.000
5977	791.900
5880	792.400
5898	792.500
5934	792.600
5896	794.300
5929	794.300
5973	794.300
5933	796.400
5953	799.800
5974	802.700
5899	805.600
5951	807.000
5890	808.000
5980	810.300
5919	811.200
5931	811.400
5903	811.500
5911	812.200
5966	812.400
5981	812.500
5954	813.000
5973	813.600
5885	814.900
5917	815.700
5937	820.700
5879	821.700
5976	822.400
5933	822.600
5963	823.600
5918	824.800
5965	825.000
5928	826.000
5922	826.900
5887	829.800
5927	831.500
5916	832.400
5883	835.800
5901	835.800
5914	837.400
5968	839.700
5897	840.600
5943	842.100
5881	842.600
5906	842.700
5938	844.800
5966	845.400
5939	848.600
5885	849.300
5909	851.400
5950	852.700
5937	852.800
5879	852.900
5941	852.900
5895	855.200
5948	857.300
5913	857.500
5905	857.700
5878	857.900
5914	858.200
5977	860.400
5969	860.600
5888	864.400
5971	865.900
5958	866.000
5931	869.800
5962	870.700
5970	875.500
5903	875.800
5976	876.000
5943	877.300
5880	878.300
5967	878.300
5965	878.500
5916	878.600
5928	878.800
5904	879.400
5912	879.400
5947	879.400
5917	879.800
5890	882.500
5953	888.300
5929	893.700
5903	894.000
5902	894.300
5937	894.800
5966	896.800
5883	898.000
5925	898.200
5884	898.600
5928	900.300
5898	902.200
5969	902.700
5909	903.300
5933	903.300
5955	905.100
5881	905.700
5893	908.800
5971	909.000
5926	909.200
5941	910.700
5948	911.800
5912	917.100
5905	917.500
5973	918.200
5934	918.700
5977	920.800
5972	921.100
5892	922.500
5954	922.900
5960	925.800
5915	926.300
5936	929.100
5951	929.400
5899	931.100
5900	932.700
5901	933.300
5914	935.600
5929	936.400
5940	936.600
5879	938.300
5955	938.500
5931	942.600
5920	943.900
5963	944.300
5952	944.500
5904	944.700
5978	945.900
5908	947.000
5946	947.600
5974	947.800
5928	947.900
5909	948.000
5962	953.300
5893	956.500
5979	958.100
5966	959.200
5883	959.400
5941	959.800
5935	959.900
5973	962.600
5913	967.000
5885	967.100
5929	967.100
5936	968.300
5960	968.600
5882	970.200
5977	974.000
5953	974.600
5877	975.000
5880	975.900
5949	978.100
5946	978.800
5945	982.800
5914	983.600
5925	983.700
5881	984.000
5969	984.300
5965	984.800
5966	991.000
5904	991.400
5895	992.200
5973	992.900
5943	993.200
5934	995.400
5956	995.700
5976	996.600
5974	998.700
5972	1000.100
5928	1000.300
5941	1003.200
5929	1003.900
5909	1007.000
5977	1008.800
5913	1008.900
5940	1009.800
5877	1010.300
5921	1011.100
5950	1011.700
5895	1012.300
5933	1012.300
5912	1013.400
5946	1014.000
5956	1015.500
5971	1016.000
5931	1016.600
5885	1018.200
5914	1019.600
5911	1020.700
5879	1026.600
5919	1026.900
5957	1027.100
5901	1027.500
5935	1027.600
5888	1028.300
5945	1029.100
5970	1030.000
5887	1030.700
5883	1031.000
5979	1031.700
5934	1033.100
5963	1035.800
5917	1036.700
5977	1036.700
5976	1042.900
5974	1044.900
5965	1045.900
5968	1045.900
5890	1046.200
5962	1046.300
5973	1046.500
5928	1047.800
5942	1049.900
5948	1049.900
5884	1055.300
5899	1055.300
5911	1055.300
5977	1056.000
5954	1056.400
5953	1058.400
5936	1059.500
5933	1060.100
5882	1062.100
5971	1062.200
5965	1064.700
5925	1067.000
5902	1069.800
5969	1070.000
5916	1072.000
5895	1072.500
5881	1072.800
5912	1074.300
5908	1075.000
5906	1075.700
5942	1077.900
5890	1078.000
5905	1078.100
5904	1078.200
5920	1078.300
5952	1079.100
5979	1079.800
5976	1080.000
5962	1080.400
5928	1081.300
5934	1089.700
5970	1090.300
5974	1090.500
5968	1092.900
5966	1095.400
5920	1096.200
5906	1098.700
5954	1099.300
5910	1099.400
5880	1099.500
5914	1099.800
5939	1099.800
5928	1100.100
5953	1103.800
5940	1104.600
5899	1104.800
5967	1104.900
5948	1107.500
5898	1108.400
5909	1112.000
5980	1112.400
5882	1112.700
5973	1112.700
5929	1116.900
5971	1119.200
5975	1119.700
5925	1121.600
5960	1122.100
5885	1122.200
5884	1122.300
5879	1124.500
5911	1124.900
5946	1126.300
5895	1126.700
5978	1127.000
5909	1127.300
5945	1127.500
5965	1129.200
5950	1135.500
5948	1136.800
5936	1137.200
5912	1140.100
5931	1140.600
5924	1140.900
5977	1143.400
5907	1144.100
5921	1144.100
5949	1145.600
5922	1146.900
5887	1148.500
5981	1148.500
5953	1149.000
5935	1149.300
5959	1151.600
5974	1152.100
5973	1155.600
5928	1156.700
5939	1157.000
5890	1157.100
5891	1158.300
5956	1159.100
5951	1159.800
5903	1160.900
5936	1166.600
5957	1167.500
5970	1167.600
5969	1167.800
5948	1168.500
5902	1170.400
5931	1171.000
5961	1171.400
5914	1171.900
5911	1172.000
5882	1176.700
5896	1177.100
5965	1178.000
5935	1178.100
5925	1179.200
5891	1179.400
5972	1179.500
5943	1181.200
5913	1186.200
5946	1187.000
5959	1187.600
5879	1190.400
5877	1190.800
5915	1191.200
5929	1195.600
5970	1195.600
5916	1196.100
5892	1197.500
5981	1197.700
5880	1198.900
5912	1201.800
5881	1202.200
5920	1202.300
5925	1202.600
5933	1203.000
5898	1203.400
5955	1206.900
5965	1211.200
5893	1212.200
5906	1212.400
5919	1215.400
5901	1215.800
5908	1216.600
5889	1216.900
5917	1217.200
5884	1218.000
5946	1218.900
5940	1219.900
5981	1219.900
5942	1224.000
5962	1226.700
5911	1227.200
5927	1227.500
5920	1229.800
5877	1231.300
5934	1232.800
5975	1233.300
5963	1233.400
5968	1235.300
5931	1236.600
5894	1236.800
5929	1237.300
5909	1238.500
5895	1241.200
5949	1243.500
5887	1243.600
5950	1244.800
5884	1248.100
5960	1248.200
5966	1249.500
5903	1252.600
5914	1253.100
5920	1253.400
5947	1254.200
5877	1255.500
5941	1256.100
5928	1256.200
5882	1256.400
5900	1261.400
5945	1265.200
5905	1267.500
5972	1268.100
5879	1269.000
5950	1269.700
5901	1271.000
5963	1272.100
5912	1272.300
5927	1272.400
5926	1273.300
5885	1276.700
5883	1277.000
5897	1277.700
5891	1278.600
5965	1279.400
5900	1283.000
5943	1283.000
5958	1284.900
5893	1285.900
5927	1287.800
5906	1288.800
5884	1290.200
5924	1291.400
5948	1292.000
5981	1293.800
5928	1294.000
5946	1294.200
5977	1294.200
5887	1294.300
5939	1297.000
5914	1297.300
5895	1301.600
5969	1302.300
5966	1304.600
5917	1305.500
5943	1307.300
5933	1308.000
5946	1308.100
5940	1308.500
5901	1309.000
5889	1309.300
5937	1309.600
5923	1309.800
5945	1310.700
5906	1314.900
5949	1315.000
5879	1315.100
5976	1319.600
5977	1321.500
5884	1323.500
5930	1325.400
5950	1325.400
5922	1325.900
5928	1325.900
5978	1325.900
5903	1326.700
5905	1328.100
5948	1329.200
5890	1330.100
5908	1335.700
5898	1336.600
5939	1337.000
5885	1337.200
5969	1337.800
5913	1338.500
5967	1341.400
5942	1343.100
5941	1344.000
5887	1345.800
5895	1346.800
5959	1347.900
5935	1348.500
5950	1351.100
5903	1351.300
5904	1352.600
5901	1353.800
5951	1354.800
5918	1358.100
5931	1360.500
5914	1361.700
5936	1361.700
5921	1362.000
5932	1362.900
5949	1362.900
5917	1365.700
5957	1366.000
5904	1366.600
5973	1366.700
5937	1373.600
5959	1373.800
5913	1374.100
5885	1374.400
5881	1376.800
5976	1376.800
5966	1377.500
5974	1378.500
5943	1381.500
5919	1384.500
5941	1384.500
5947	1384.600
5908	1384.800
5890	1385.000
5882	1388.400
5915	1388.700
5880	1391.200
5902	1391.600
5951	1391.800
5928	1395.400
5911	1395.500
5922	1398.400
5885	1401.600
5946	1401.600
5878	1402.100
5935	1402.600
5910	1403.000
5900	1404.000
5945	1405.200
5897	1407.600
5877	1408.200
5899	1410.600
5963	1415.300
5888	1415.800
5950	1416.500
5967	1416.500
5931	1417.700
5890	1419.000
5914	1419.300
5939	1420.000
5938	1420.200
5916	1420.600
5947	1422.000
5956	1423.400
5953	1428.100
5911	1428.600
5901	1429.100
5957	1430.000
5883	1430.500
5954	1430.800
5936	1431.900
5894	1432.600
5891	1435.100
5935	1435.400
5912	1436.900
5918	1438.000
5902	1440.500
5923	1442.700
5945	1444.500
5964	1444.700
5914	1445.300
5977	1445.600
5979	1446.500
5896	1447.100
5924	1451.200
5935	1451.400
5888	1454.400
5956	1454.800
5960	1455.600
5934	1458.600
5917	1460.900
5982	1461.400
5913	1463.600
5974	1464.100
5980	1466.000
5880	1466.500
5976	1469.600
5896	1470.200
5890	1471.300
5954	1471.400
5901	1471.600
5911	1473.600
5962	1474.000
5929	1474.300
5927	1479.500
5933	1480.900
5924	1482.200
5936	1482.300
5942	1484.100
5968	1484.300
5946	1484.500
5923	1484.600
5912	1488.900
5925	1488.900
5965	1489.300
5928	1493.200
5917	1493.900
5922	1493.900
5887	1494.100
5880	1494.400
5945	1495.100
5932	1496.900
