# NEST version: nest-3-microcircuit@555986536
# RecordingBackendASCII version: 2
sender	time_ms
6214	0.100
7173	6.700
5984	7.100
6122	7.800
6592	8.100
6281	8.500
6203	8.600
7062	9.400
7176	10.300
7299	10.400
6565	10.600
6926	10.900
6041	11.100
6211	12.000
6690	13.800
6977	13.800
7264	14.800
6109	15.300
6188	15.300
7235	15.400
6623	15.500
7298	16.200
6773	16.300
7227	16.700
6256	17.000
6877	17.100
6701	17.200
6581	17.400
7294	17.400
6579	17.500
6865	17.500
6252	17.700
6310	17.800
6408	17.800
6397	18.200
6030	18.300
7174	18.600
6612	19.200
6373	20.700
7097	24.100
6423	26.300
6248	27.100
6742	27.300
6222	28.500
6958	28.500
7279	29.300
7147	29.400
6304	29.700
6577	29.700
6832	30.000
6387	30.400
7058	30.500
7165	30.500
7088	30.600
6156	30.700
7249	31.100
6884	31.400
6965	31.400
6282	31.500
6089	31.600
6183	31.900
6786	32.200
7327	32.500
6019	32.700
6556	32.800
6984	32.800
6244	32.900
6326	33.000
6421	33.400
7102	33.500
6430	33.700
7332	34.000
6313	34.200
6794	34.300
6197	34.500
7019	34.700
6909	35.000
6315	35.100
6735	35.100
7299	35.200
6835	35.600
7248	35.800
6499	36.000
7263	36.100
6404	37.100
7363	37.700
6707	38.200
7018	39.200
7384	42.900
6090	43.100
6668	44.700
7067	44.900
6703	45.400
6583	45.700
7207	45.900
6537	46.200
6677	46.800
5997	47.000
7311	47.800
6850	47.900
7369	48.500
7376	48.500
6279	48.600
7009	48.700
7303	48.900
6890	49.000
7241	49.000
6857	49.100
6024	49.400
7415	49.400
6317	49.500
6827	49.700
7099	49.900
7103	50.000
7134	50.300
5982	50.500
6421	50.700
6250	51.200
6756	53.400
6717	53.700
6795	56.200
6838	56.400
6939	58.700
6275	60.200
6106	63.100
6481	63.600
6746	63.700
6298	64.300
6436	65.600
7205	66.100
7364	68.000
6300	68.100
6241	68.600
7068	69.100
6663	69.400
7083	69.400
6397	69.700
6396	69.800
7182	69.800
6736	70.800
6979	71.800
7225	72.100
6450	73.100
6056	73.500
6558	73.500
6579	74.500
6903	75.300
7191	75.300
7200	75.500
7177	75.600
7302	76.700
6169	77.800
6565	77.800
6550	78.400
6873	78.400
6992	78.800
6112	79.300
6531	79.300
6357	79.700
6091	80.100
6344	80.100
6847	80.200
7106	80.400
6502	80.500
6666	80.500
6114	80.700
6288	81.200
7408	81.300
7064	81.400
6381	81.900
6601	86.500
6708	89.100
6296	91.200
6108	91.900
7094	93.200
7100	93.400
6468	94.300
6177	94.400
7116	94.500
7192	94.500
7374	94.500
7238	95.300
7186	95.400
6805	95.500
6499	95.600
6423	96.100
7299	96.500
7234	96.900
6701	97.400
6244	98.000
7001	99.000
7293	100.100
7036	100.600
7224	100.700
6685	100.900
6943	101.700
6210	101.800
6614	101.800
7350	102.100
6346	102.500
6866	105.200
6973	105.500
6631	106.900
6752	108.000
6663	108.100
7154	108.500
6258	108.600
7212	109.700
7342	110.200
6798	110.900
7203	111.900
6535	115.200
6077	115.700
6703	116.700
7079	116.800
6542	116.900
7208	117.300
7220	117.400
6700	117.500
6754	117.600
7049	117.600
7409	117.700
6691	118.200
7165	118.500
6957	118.600
6950	118.700
6279	119.600
6101	119.700
7147	119.700
6595	120.400
6830	120.600
6847	121.200
6568	122.100
7181	122.400
6681	122.900
7041	122.900
6069	123.400
6897	124.600
7215	125.000
7000	125.100
7363	125.400
7383	126.300
6253	126.500
6227	127.400
6627	127.600
6570	127.700
6351	128.700
7099	128.800
7069	129.500
7108	129.800
6567	130.400
7080	131.200
6616	131.400
6487	132.000
6761	132.100
6018	132.200
6235	132.700
7188	133.600
7209	134.400
6851	137.100
6133	137.200
6244	137.400
7205	138.200
6343	139.800
6703	140.700
6836	140.900
6030	141.200
6639	141.300
6310	142.800
6350	143.000
6736	143.000
6183	143.100
7131	143.100
6494	143.200
6172	143.300
6152	143.400
6557	144.300
6533	145.600
6825	145.700
6197	146.900
6909	147.600
6138	147.900
6285	148.000
6225	148.100
6502	148.100
6837	149.000
6889	149.200
7232	150.400
6066	150.600
6278	150.600
6511	151.000
6221	151.400
6383	153.600
7071	154.100
6251	156.000
6140	156.400
6461	156.600
7039	156.800
6357	157.000
7215	157.000
7042	157.100
6627	157.400
6754	157.700
6299	157.900
6857	158.400
6257	158.900
7171	158.900
6596	159.000
6012	159.200
6930	159.200
6201	159.400
6024	159.500
6262	159.700
6031	159.900
6768	160.000
7338	160.000
6482	160.200
6396	160.600
6693	160.700
6975	160.900
6591	161.800
7256	161.800
6033	165.600
6410	165.700
6538	165.700
6485	166.300
7346	166.900
6609	167.800
6704	167.800
6716	167.900
7110	167.900
6978	168.100
5983	168.300
7201	168.300
6550	168.500
6894	168.800
6403	169.000
7101	169.600
6181	170.100
7098	170.700
6969	171.500
6688	174.500
6159	177.100
6805	177.500
6567	182.700
6097	183.100
6784	186.300
6623	187.400
6640	187.400
6974	189.400
7326	189.500
6841	190.000
7296	190.000
7107	190.400
6436	190.900
7407	191.600
6597	191.900
6741	191.900
6889	191.900
6961	193.200
6942	193.600
7114	194.000
7359	194.200
7418	194.700
7297	195.500
7339	195.800
7046	195.900
6148	196.500
7188	196.800
6952	197.000
7202	197.000
6877	197.300
6257	198.000
6659	198.900
6253	199.000
6400	199.200
6859	200.200
6062	201.800
6282	202.800
6315	204.300
6670	204.300
6292	204.700
6668	205.300
6874	205.300
6043	205.700
7266	205.800
7046	207.300
6581	207.400
6466	207.900
7293	208.100
6405	208.200
7182	209.400
6278	209.600
6620	210.100
7090	210.500
6645	211.000
6155	213.800
5995	213.900
6411	214.800
6832	214.800
6530	216.000
7169	219.800
7335	220.600
6685	221.300
6703	221.600
6632	221.800
6786	222.200
7009	222.400
6909	222.500
6187	222.900
7012	223.100
7006	224.800
6251	226.800
6815	226.800
6203	227.100
6419	228.300
6646	228.600
6107	228.700
6249	230.200
6837	230.400
6794	230.500
6554	231.100
6702	231.400
6178	232.000
6197	232.000
6731	232.100
7390	232.100
6975	232.900
6597	233.000
6897	233.000
6988	234.800
7304	235.500
7299	237.200
6720	237.700
6756	237.900
6441	239.400
6357	239.600
7293	241.200
6515	241.700
6035	242.200
6219	242.700
6190	243.900
6018	244.200
7245	244.600
6329	245.500
7110	246.000
7264	247.100
6480	247.400
6253	247.500
6885	247.600
7193	247.800
6973	248.100
7085	248.100
7206	248.100
6900	248.600
6892	248.900
7043	249.600
6015	249.700
7079	249.800
6851	250.900
6282	251.100
7281	251.200
6279	252.200
6968	252.400
6049	252.500
7074	253.600
6247	253.700
7266	253.800
7039	254.000
6082	255.100
7094	255.200
7132	256.000
7241	256.000
6404	256.100
6708	256.200
6140	256.800
6103	258.000
6993	258.000
6984	258.100
6397	258.300
6556	258.400
6835	258.600
7393	258.800
6587	258.900
6815	258.900
6114	259.600
6436	259.900
6413	260.000
6052	260.700
6299	262.300
7348	263.100
6462	263.600
7011	263.600
7384	263.600
6732	263.900
7390	264.000
7292	265.400
6788	266.100
6383	266.400
6116	267.900
6118	268.300
6866	268.600
6921	275.300
6259	276.100
6361	276.400
6662	276.400
6989	277.000
6698	277.500
7389	277.700
7191	278.100
7060	278.300
6002	278.400
6394	278.400
7137	278.400
7239	278.600
6404	278.800
7358	279.000
7139	279.300
6278	279.800
6314	279.800
6809	279.800
7303	279.900
6315	280.100
7035	280.200
6837	281.400
7183	282.500
6310	283.300
6142	283.500
6495	287.300
6959	287.800
6449	288.000
6473	288.500
6666	288.500
7094	288.600
6118	289.000
6152	290.000
6692	290.300
6372	290.800
7409	292.900
7104	293.700
6863	294.000
6287	294.300
7084	294.500
7232	294.500
6912	295.000
6888	296.100
7365	298.600
6982	299.300
6254	300.400
6703	300.500
7250	300.800
6970	301.300
6316	301.600
6099	301.900
6894	301.900
6049	302.300
6343	302.500
7249	302.500
6113	302.800
6104	304.000
7259	304.300
6107	304.400
7147	304.400
6304	304.700
7314	305.500
6087	305.700
6031	306.200
6148	306.400
7302	307.100
7215	307.400
7275	307.400
6279	307.600
6539	308.700
6652	308.700
6801	308.800
6638	309.000
6798	309.900
7027	310.100
6241	310.500
6284	310.600
6868	310.700
7236	310.800
7407	311.300
6700	311.700
7088	311.900
7210	312.000
7193	312.600
7216	313.600
7200	314.100
6720	314.500
6278	314.600
6890	314.600
6211	316.300
6342	316.500
6257	319.000
6713	319.400
7001	319.600
5987	319.700
6973	319.800
6969	319.900
6666	321.000
7131	321.300
7361	321.300
7147	321.400
7390	321.500
7235	322.200
6706	322.300
7168	322.500
6154	322.800
6046	323.700
7262	323.700
7186	323.800
6212	325.900
6838	326.000
6177	326.300
6002	328.000
6673	328.500
6687	329.000
7169	329.300
6436	329.700
6402	330.000
6655	330.500
7055	330.700
7412	330.900
6090	331.400
7198	332.400
5996	332.900
6171	333.400
6390	334.300
6249	334.600
6802	334.600
7254	335.000
6543	335.300
7181	336.300
7337	336.500
7002	336.700
6477	336.900
6404	337.500
5991	337.800
6397	338.300
7249	339.700
7295	339.900
6582	340.600
7027	341.000
7407	341.000
7241	341.100
7034	341.500
6844	342.500
6927	342.800
7219	342.800
6507	343.000
6858	343.100
6281	343.400
6343	344.400
6095	344.900
6799	345.400
6435	346.600
6506	347.100
7261	347.300
6577	348.100
6630	348.200
7264	348.400
6703	349.000
6514	349.300
6744	349.300
7368	350.400
6043	351.000
6282	352.200
6993	352.800
6912	354.200
7245	354.800
6558	355.200
6358	355.300
6575	355.600
6995	356.000
6108	357.400
6027	357.600
7396	357.700
6166	358.000
6571	358.100
6865	358.800
7088	359.100
6424	359.600
6913	359.900
5990	360.600
6488	361.700
6449	364.300
7204	364.300
6396	365.600
6212	365.900
6430	366.800
7066	370.300
7351	370.600
6184	370.800
6875	371.100
7363	371.500
6448	372.000
7390	372.100
6446	372.400
6836	372.900
6904	374.500
6420	375.200
7340	375.500
7409	375.700
6900	376.900
6651	377.800
7012	378.200
6636	379.200
6436	379.900
6886	380.200
7006	380.700
6962	381.100
6118	381.600
5986	382.100
6140	382.200
7246	382.500
6278	382.800
6675	383.000
6872	383.700
7191	383.800
6509	386.500
6211	386.600
7333	386.600
6284	386.900
6088	387.200
6913	388.000
6217	388.100
6652	388.300
6615	388.500
6965	388.800
6142	388.900
6101	389.000
6257	389.100
6906	389.200
6172	389.700
7217	389.700
6888	390.000
7254	390.000
7320	390.100
7264	390.300
7131	390.400
6012	390.500
6765	390.600
6190	390.800
6227	391.100
6608	391.100
7063	392.900
7048	393.400
6034	393.800
7407	393.800
6993	398.900
6108	399.100
6179	400.000
6030	400.500
7381	401.600
6056	401.800
7139	402.300
6304	403.400
6662	403.600
6429	404.100
7212	406.900
6102	407.000
6018	407.200
6499	407.300
7270	407.400
6971	408.200
6365	408.800
6488	408.800
7282	408.800
6220	409.000
6701	409.200
7116	409.200
6244	409.700
6424	409.700
6765	409.800
7312	409.900
6061	411.100
6140	411.300
6289	411.300
6181	414.600
6268	415.100
6278	415.100
6955	415.500
6030	415.700
7362	415.800
6310	416.400
6183	416.700
6478	416.800
6508	417.200
7169	417.900
6143	418.100
6889	419.200
6717	420.000
6376	420.100
7243	421.900
7363	422.700
7326	423.500
6627	423.600
7193	423.800
6070	424.000
6703	425.200
6847	425.900
6449	427.600
7202	428.800
6357	429.300
6126	431.600
6296	432.100
6926	432.200
7207	432.600
6838	434.200
6285	434.700
6288	434.800
6099	435.000
7266	435.400
7391	435.500
6200	435.800
6327	435.800
6776	436.100
6320	436.200
7074	436.200
7264	436.300
6361	437.100
6720	437.300
6634	437.900
6178	439.000
6924	440.400
7186	441.000
6817	441.700
6704	441.900
6872	442.400
6004	445.400
6758	445.800
6605	447.000
6759	447.600
5990	448.300
6857	448.800
6211	449.200
6542	449.200
6631	449.700
6138	450.300
6978	451.400
7243	451.700
6282	451.800
7398	451.800
6227	452.200
6995	452.200
6881	452.500
6233	454.600
7147	454.700
6131	455.600
6302	455.700
6404	455.900
6284	456.100
7350	456.300
7314	456.900
6126	457.400
7210	457.400
6440	457.500
7330	457.500
6793	457.700
6278	457.800
7363	458.400
6574	459.300
7099	459.700
7088	460.000
6253	460.400
6210	460.500
6243	460.700
7379	462.600
7027	463.700
7049	464.500
6784	465.300
6396	466.500
6203	467.300
6858	467.800
7215	467.800
7208	467.900
6316	468.100
6777	468.700
6703	469.300
6402	470.700
7062	471.200
6194	471.300
6299	471.400
6942	471.700
6020	472.000
6446	473.500
6548	474.300
6799	475.000
6618	475.500
7266	475.700
7114	475.900
6652	476.300
7407	477.200
6578	477.600
6711	481.100
6856	482.800
6410	483.100
6310	485.200
6842	485.600
6435	486.500
7378	487.200
6043	488.400
6411	489.400
7220	492.100
7257	492.400
6244	493.000
7342	493.600
7054	494.000
6253	494.100
6662	494.500
6223	494.600
7084	494.900
7343	495.100
6508	495.300
6095	495.400
7088	495.600
7313	495.700
6197	497.400
6804	497.400
6166	497.500
6515	498.300
6968	498.300
6192	498.600
7414	499.400
6412	499.700
6541	499.800
6971	500.300
6677	501.600
6558	501.900
6815	502.000
6030	502.200
5988	502.700
6832	502.900
7046	503.000
7183	503.500
6646	503.700
6317	503.800
6678	504.300
7020	504.700
6396	505.300
7017	505.400
7094	505.800
7236	506.200
6572	506.300
6140	506.800
7179	506.800
6499	507.600
7283	507.800
6993	510.400
6316	512.900
7204	513.000
6701	513.300
6227	514.800
6336	516.500
6599	517.100
7251	517.100
5991	518.000
7383	518.100
6857	518.300
6905	518.300
6404	518.600
7099	518.800
7390	519.500
6142	520.200
6515	520.900
7043	520.900
7217	521.000
7051	521.200
6302	521.500
6895	521.600
6326	523.400
6975	523.500
6102	523.800
6184	524.600
6035	525.100
6992	525.200
6282	525.500
6435	526.600
6278	526.700
7132	529.400
6158	529.500
7188	531.000
6629	531.400
6536	531.600
6011	532.300
6919	532.400
7365	532.400
6420	532.500
6101	532.700
7027	533.000
6327	533.600
6187	533.900
6321	534.100
7203	535.800
6799	536.000
6865	536.100
6211	536.200
7209	536.400
7338	536.500
6888	536.600
6988	536.700
6851	536.900
7293	536.900
6020	537.000
6506	537.800
7316	538.700
6747	539.600
6018	540.900
7169	542.000
6914	543.100
7043	543.200
6667	543.700
7099	545.000
7002	547.700
7055	551.400
6953	551.500
5990	552.200
7348	552.200
6515	552.300
6019	552.700
7378	552.800
6704	552.900
7364	553.100
6011	553.500
6836	553.800
6687	554.500
6279	555.100
6909	555.100
7345	556.000
7266	556.300
7363	556.800
7279	557.200
6679	558.500
6212	558.600
6543	558.600
6999	558.800
6850	559.200
6888	559.400
6196	565.900
6776	566.300
6706	567.000
6205	567.100
6660	567.300
6159	568.300
6892	568.500
7027	568.700
6681	571.200
7051	571.700
6247	571.900
6139	572.100
6787	572.100
6089	572.600
7167	572.600
6858	574.300
6830	575.500
6308	576.700
6530	576.700
6035	577.100
6771	577.600
6515	578.100
6975	578.200
6538	578.700
6689	581.900
6704	582.100
6299	582.700
7217	583.300
6208	583.500
7186	583.500
6862	583.800
7020	585.200
6706	585.800
6993	586.100
6121	586.800
6630	590.200
7147	592.500
7205	593.000
6229	593.100
6809	593.400
7398	593.500
6687	593.600
6532	593.700
7263	593.900
6591	594.100
6179	594.200
6650	594.600
7417	594.900
6659	595.200
7275	595.600
6784	595.700
7007	595.800
6039	596.000
6002	596.100
6442	596.300
7206	596.300
6149	596.800
6881	596.900
6847	597.000
6382	597.100
7402	597.100
7264	597.300
6677	597.500
6895	597.500
6043	597.700
7414	598.600
7390	602.500
7157	607.700
6923	608.700
7347	609.300
6865	609.900
6763	610.300
6336	610.500
6788	610.700
7307	610.900
6321	611.200
6892	611.700
6358	612.000
7363	612.400
7358	612.500
7339	613.000
7317	613.100
6926	613.200
6326	614.100
6873	615.000
7112	615.000
7096	615.800
6663	617.700
6930	619.000
6129	619.700
6806	620.000
6720	620.500
6491	620.600
6690	620.800
7169	620.900
7091	621.000
6784	621.100
6351	621.400
7102	621.400
6383	621.500
6769	621.500
7090	621.500
6507	622.200
6088	622.700
7152	622.800
6387	623.200
6647	623.200
7378	623.200
7350	623.300
7372	623.300
6001	623.700
6193	625.100
6414	625.100
6541	625.800
6891	626.600
7202	626.900
6754	627.000
6130	627.400
7337	627.800
7390	628.200
6631	629.100
6426	629.200
6148	629.400
6785	630.600
7302	630.800
6070	631.600
6799	632.400
6413	633.700
7157	634.100
6043	634.400
6210	636.100
6736	636.200
6866	636.200
6507	636.600
6248	637.100
6852	638.000
7205	638.300
7005	638.500
7419	639.100
7106	639.400
7083	639.500
6116	639.800
7041	639.900
6701	640.300
7290	640.900
6316	642.000
6360	645.800
7069	645.900
6395	646.200
6766	646.600
7264	646.600
6662	646.800
6958	646.800
6618	646.900
7151	647.200
7303	647.200
5986	647.400
6426	647.800
7131	648.000
7393	648.500
6404	648.600
6499	649.100
6076	649.400
6532	649.400
7295	649.400
6279	649.500
6930	649.600
5997	650.000
7170	650.400
7165	650.500
7099	656.100
7363	656.100
6959	656.500
6870	658.800
7307	663.800
7292	665.200
6708	665.900
7244	666.100
6787	666.300
7327	666.500
6278	666.600
6183	666.700
6051	666.800
7026	666.800
7305	667.000
7222	667.300
7414	667.500
6327	667.800
6203	670.300
6448	672.100
6807	672.700
6557	675.100
7049	675.200
6759	675.800
6683	676.200
6916	676.900
7314	677.000
6838	677.300
6930	677.500
6989	677.700
6211	677.900
6065	678.900
6636	679.300
6210	681.600
7237	681.900
6908	682.100
6430	682.500
6388	682.600
6200	683.000
6282	683.600
6596	685.200
6112	687.900
6099	689.500
6558	689.700
6468	689.900
7169	690.100
6631	690.300
7157	690.500
6663	690.900
7148	694.000
7383	694.100
7048	695.800
7232	697.500
6352	697.800
6964	698.300
6484	698.600
7203	698.600
6932	698.900
6142	699.000
7115	699.000
6260	699.100
6278	699.200
6957	699.200
6820	699.300
6796	699.500
7161	699.600
6331	700.100
6414	700.200
6156	700.300
7373	700.600
7305	700.800
7084	700.900
6334	701.000
7303	701.100
6835	701.200
6887	701.400
6486	701.700
7005	701.800
6980	701.900
6413	702.000
7211	702.200
7257	702.800
7157	703.000
6067	704.800
6926	706.700
6988	707.400
6588	708.100
7287	708.300
7041	708.500
6700	709.300
6784	710.100
6696	710.200
6959	710.600
6544	711.200
6801	711.600
6196	713.600
6135	714.400
6030	715.700
6126	718.500
7188	719.700
6279	720.200
6124	720.900
6163	721.500
6554	721.700
6249	721.800
6618	721.800
6326	722.100
7396	722.300
6635	722.600
5990	723.200
7183	723.300
7205	723.400
7264	723.400
6837	724.200
6703	725.600
6486	725.700
6028	726.600
7278	727.000
7263	728.500
7097	732.800
7245	733.000
6532	733.600
6643	735.000
6940	735.000
6979	735.100
6193	735.500
6018	736.700
6989	736.700
7405	737.000
6988	737.300
6383	737.400
7251	737.500
6816	738.300
6391	739.400
6652	739.400
6639	740.100
6405	741.000
7227	741.600
7265	742.300
6757	742.500
6531	742.900
6805	743.400
7131	743.900
6903	746.500
6140	746.600
6701	747.600
6923	748.000
6570	748.100
6822	748.300
7159	748.300
7267	748.400
7087	748.500
6043	748.800
6887	748.800
6596	749.200
6662	749.400
6403	749.900
6420	750.200
6131	750.600
7241	752.300
6708	752.500
6507	752.800
7005	753.800
7346	754.600
6651	754.700
6249	755.300
7169	756.000
7302	756.100
7256	756.600
6434	757.300
6536	757.300
6424	757.500
6282	757.600
7012	757.700
7089	758.300
6896	759.700
6663	761.600
6244	762.000
7363	764.500
6113	766.600
6944	767.200
6126	768.300
7035	768.500
6788	768.700
6436	769.400
6635	769.500
6253	769.800
6111	770.200
7250	771.100
6779	773.900
6185	774.600
6832	775.100
6842	775.300
6119	776.100
6950	776.200
6747	776.500
6350	777.300
7080	777.600
6206	778.100
6909	779.000
7217	779.400
6969	780.100
6671	780.500
6768	780.500
7262	780.500
6904	781.200
6980	781.300
6838	781.800
7247	783.500
6158	783.700
7055	783.800
6174	783.900
7388	784.100
7418	784.900
6683	785.000
6152	785.600
6517	786.000
6140	786.100
7390	788.600
6804	789.300
7002	789.300
6913	789.800
6319	790.100
6043	790.600
6756	790.800
6223	791.600
6803	792.000
6067	792.100
6813	792.300
7060	792.400
6623	792.700
7266	793.100
6376	793.300
7343	794.500
6891	798.500
7207	798.600
6092	799.000
6329	799.000
6681	799.000
7094	799.100
6267	799.300
6226	799.800
6317	800.200
7097	800.200
6908	800.300
6396	800.500
6857	800.500
6830	800.600
6244	801.000
6448	801.000
7099	801.000
6848	801.100
7140	801.100
7088	801.800
7394	802.200
6310	803.200
7247	806.400
6464	806.900
5987	814.800
6495	815.400
6392	816.900
6210	817.300
6527	817.600
6980	818.900
6989	819.700
7054	820.000
6279	820.400
6844	820.400
7071	821.100
7031	821.800
6233	822.000
6258	822.000
7279	822.000
6915	822.200
6762	822.400
6815	822.600
7008	822.700
6396	822.900
6760	822.900
6098	823.000
7088	823.000
7139	823.600
6424	823.700
6373	824.100
6641	826.700
7381	827.600
6282	828.600
6140	829.300
6158	831.800
7383	833.200
6625	833.500
6357	834.200
6924	834.900
6419	835.900
6639	836.200
6901	836.200
6863	836.300
7010	837.400
7241	838.100
6402	838.500
6999	839.900
7039	840.300
6142	841.600
6024	841.700
7165	842.900
7074	843.800
6018	844.400
6537	844.500
6063	844.800
6197	844.900
6554	844.900
6784	844.900
6769	845.500
7302	845.700
5991	845.800
6890	846.300
6754	846.800
7407	847.100
6049	847.500
7220	848.100
7076	850.000
6899	850.200
7247	851.300
6858	852.000
6889	854.100
7131	854.400
7326	855.000
6785	857.400
7138	857.600
6383	859.000
6090	859.400
6787	859.800
7046	861.100
7254	861.200
6460	861.800
6399	861.900
6257	862.000
6091	862.100
6176	862.400
6302	862.900
7245	862.900
6030	863.100
6847	863.100
6838	863.200
6590	863.300
6357	863.800
7363	863.800
6766	863.900
6502	864.100
6233	864.300
6736	865.800
6796	868.200
7123	868.500
6964	870.500
7121	870.900
7193	871.000
6641	871.100
7374	871.200
7269	872.400
6098	873.100
6703	873.500
7286	874.100
6161	874.800
6611	874.800
6397	875.700
7264	875.900
6315	876.100
7266	876.100
6138	877.200
6837	877.200
6732	877.300
7129	879.700
6119	881.100
6948	883.200
7279	884.100
6799	884.600
6815	886.400
6523	887.300
6908	888.100
6346	888.700
7219	890.000
6090	890.200
6281	891.500
6678	891.700
6250	892.100
7390	892.300
7309	892.700
7295	893.800
6121	894.100
6429	894.500
6188	894.900
6012	895.100
6834	895.500
6984	895.700
6605	896.000
6435	896.400
6651	896.600
6531	896.700
6963	897.200
7302	899.000
6448	902.100
6027	902.500
6701	903.300
6593	905.700
7330	906.400
6355	906.700
7178	908.400
7026	909.100
6837	909.300
6030	910.200
6835	910.400
6133	910.900
6877	911.100
6897	911.100
6046	911.300
6530	911.300
6884	911.500
7058	911.600
6340	912.100
7303	912.100
6979	912.400
7273	912.600
6776	912.800
7207	913.700
6431	914.200
7359	917.800
6450	918.500
7000	918.500
6483	919.200
6021	920.000
6551	920.300
6213	920.400
6126	920.900
6909	921.700
6658	921.900
6113	924.400
6357	925.200
7249	926.000
6786	926.200
7196	926.900
6045	927.400
7105	928.700
6969	930.100
6645	930.200
6505	931.600
6930	932.300
6992	933.400
6795	933.700
7363	933.700
6042	934.000
7338	934.700
6540	934.800
7140	935.600
6685	935.800
7284	936.400
7254	937.800
6652	938.100
6018	938.200
6271	938.200
6244	938.300
7027	938.600
7384	938.800
6116	939.500
6370	939.500
7184	939.700
6918	939.800
7083	940.200
6101	940.500
7102	940.500
6888	940.600
7170	940.900
7330	941.100
6063	941.900
6494	942.900
5986	944.400
6351	945.400
6701	946.300
6593	949.000
6504	951.500
6127	951.700
6809	952.100
7268	952.600
6512	953.600
6608	953.900
7099	954.100
7121	954.100
6140	954.800
6632	955.300
7103	955.900
6017	956.900
6355	956.900
6510	957.300
6651	959.900
6595	960.900
6446	962.900
7259	963.000
6257	963.700
6442	963.800
6480	964.700
6582	964.700
6727	964.800
6886	965.300
6118	966.400
7193	968.000
7235	968.200
6132	968.500
6766	969.400
5990	969.800
6776	970.300
7169	970.300
6121	970.900
6848	971.900
6248	972.400
6780	972.600
6851	972.600
7319	972.900
6997	974.500
7112	974.700
6534	978.100
7357	978.700
6119	979.200
7275	980.000
6574	982.900
6239	983.900
7279	984.100
5982	984.300
7010	985.200
6193	986.300
6208	987.500
6560	987.800
7409	988.200
6376	989.700
6957	989.700
6056	990.400
6253	990.400
7314	990.600
7363	990.700
6234	991.100
7410	991.400
6090	991.500
7121	991.700
6690	991.800
6970	991.800
7347	991.800
6743	992.600
6517	992.700
6152	993.100
6732	997.900
6495	998.000
6298	999.200
5983	999.300
7049	1000.000
